7
10.0127489567
15.774545908
16.4011769295
13.0560939312
20.1228170395
17.1305549145
27.1820559502
18.0038011074
19.971971035
12.7247109413
15.6465299129
18.3317120075
14.4810729027
26.6042928696
16.3148491383
14.6836879253
15.798951149
13.2616739273
18.7800171375
12.2841541767
28.020138979
18.1630768776
15.7901129723
16.2525000572
12.4468541145
17.3577439785
14.0663020611
24.4460229874
15.8859269619
17.6452770233
17.3893630505
11.7785558701
19.5100138187
12.2176229954
25.8931369781
17.2081320286
