7
10.0676960945
16.3130190372
14.8802142143
14.9899439812
20.7466609478
13.8561429977
25.5085570812
17.65239501
18.6852748394
13.7715308666
12.5632920265
19.5234370232
13.229804039
26.6488189697
14.9845509529
21.4069201946
13.7041480541
12.5115540028
18.3719079494
15.2875230312
24.8961908817
15.4338870049
19.6340889931
14.8545529842
16.0362780094
18.3408091068
16.3874731064
25.9147779942
13.5154759884
12.4482471943
20.2151050568
14.3393158913
18.2345590591
14.4595520496
28.8173961639
14.1467108727
