100 2.01556443707 1.0
100 2.21469976683 1.0002860248
100 2.19709669742 1.00095300412
100 2.15393932495 1.00424735194
100 2.10468374722 1.00518277906
100 2.02579351941 1.00006928359
100 2.1911178796 1.00126853356
100 2.10744850925 1.00550623705
100 2.18813027127 1.00144314443
1.77337794243 2.04777221246 1.00068428693
1.25650185161 2.12734683075 1.00745582579
1.25040186531 2.2077610696 1.00050228624
1.0017354164 2.06694496656 1.0017354164
1.00502974547 2.14671669843 1.00502974547
1.00004787752 2.00707405728 1.00004787752
1.00326318982 2.08614923758 1.00326318982
1.00307722712 2.16613048729 1.00307722712
1.00007352683 2.02610237391 1.00007352683
1.00526637733 2.10540621633 1.00526637733
1.00160040359 2.18559148438 1.00160040359
1.00000234714 2.01744588707 1.00000234714
1.00429706647 2.09664658118 1.00429706647
1.00221256706 2.17673980077 1.00221256706
1.01660338789 1.71926289122 0.999649430837
1.01357661652 1.86933490131 0.993743074361
1.01750400041 1.9598260441 0.98553055782
1.02341631721 2.01084237247 0.976643904625
1.03435961235 1.87046302745 0.975436227125
1.03091685171 1.723429898 0.986114455021
1.02263000552 2.09385641675 0.987189180105
1.01526821379 1.98685530475 0.986463751946
1.01148465808 2.27898074355 0.991298381926
1.01122593992 2.13932231993 0.99993536566
0.998118553377 1.78752832694 1.00227202173
1.00764689695 2.13588105161 1.00484248765
1.00346053354 2.00702757194 0.996601447072
1.00888786453 2.08767532929 0.998401166022
1.00976486048 1.94857973904 0.995610607704
1.01706954853 1.60029267372 1.01122753872
1.02395284076 1.95775425776 0.978931951191
1.28139068183 1.83317594432 0.971411745767
1.29193096508 1.79553970927 0.967099427581
100 1.6056235248 0.953176774486
100 1.44691805855 0.945683717953
100 1.28826339116 0.942520890916
100 1.12978502902 0.928420892065
100 1.05852180419 0.929468334057
2.01868684366 1.02689024423 1.00319623095
1.58381875963 1.01985753238 1.00316825445
1.55388589062 1.16162896007 1.22467935692
1.94720224168 1.27823414087 1.10126129418
2.15262414863 1.37994339163 1.01473178283
1.90914696457 1.25435876045 0.945156145021
1.66410837805 1.29081205561 0.934666405889
1.42040897686 1.14871202008 0.858330034332
1.41645769329 1.26664602196 0.856551176263
1.6416265539 1.58699768967 0.806781110683
1.37978811681 1.45463317828 0.784433157067
1.37549235117 1.5277189916 0.774384429826
0.813663498105 1.15244654527 1.10165794456
0.810787730394 1.13068180883 1.14891554266
0.810041966583 1.29245435391 1.14955224472
0.767973748634 1.22715986622 1.14687558276
0.769552811058 1.27391619794 1.15599173903
0.724720324124 1.33919532919 1.18710287843
0.690775154944 1.19494579956 1.22523528779
0.686388325331 1.33977576563 1.21918287111
0.684349431231 1.69615805391 1.21378113366
0.711007913487 2.25092586377 1.20507152305
0.70670092475 2.11291070738 1.1883158452
0.725475831173 2.18220666859 1.17855749957
0.755154558688 2.04274575994 1.16418719348
0.746426938896 2.11120538175 1.14913679925
0.76775690312 2.18139599304 1.14410857806
0.773637816038 2.04021388966 1.1236207689
0.786873097232 2.11000379394 1.11042150424
0.810429574635 1.96933319042 1.10229874282
100 1.38948422904 1.13227436131
100 1.29725213336 1.12894798435
100 1.17684788274 1.13521911635
100 1.11123114598 1.14117004007
1.76104601814 1.08277781782 1.18868124347
1.36629853558 1.08008917937 1.40965623679
1.36712932811 1.13696429145 1.41321564707
1.37023675118 1.03114583195 1.41686696993
1.75449560243 1.00642479084 1.30527396668
1.75845314294 0.978850820492 1.30852833038
1.3935022897 1.02064254899 1.26434483448
1.39537486773 0.997927324172 1.10755912235
1.47732031608 1.08960626382 0.98496829174
1.47667335849 1.40466887663 0.908944752733
1.93634443639 1.54114843298 0.882995563708
1.43291056596 1.62292669385 0.875669352956
1.4181018617 1.48411324777 0.849300341248
1.20959772624 1.55110190716 0.852245217167
1.19685661784 1.40959235158 0.818718575257
1.20521367057 1.47567574832 0.794832577997
1.22613439435 1.33442124215 0.794144771786
1.24333836279 1.40012603286 0.762362001396
1.25929638252 1.25929072046 0.741063329388
1.03602659341 1.88021775113 0.968960350273
1.05013335322 1.59489842885 1.01165225618
0.995142665142 1.46565548003 1.02191735465
0.94830614171 1.51682376381 1.31702550174
0.935824376743 1.37501598146 100
0.882212453402 1.42498845222 100
0.882376562889 1.28182112765 100
0.821577298222 1.33289477208 100
0.76943910366 1.18871318834 100
0.765164039037 1.32266954683 100
0.743512274609 1.23898362716 100
0.746654851406 1.0600473283 100
0.745428507612 0.989658142536 100
0.779101074467 0.958995331918 2.03575044374
0.879096684854 0.982628681484 1.79943597084
1.07619656805 1.07089354772 1.79953770281
0.983548232746 1.37433107359 100
0.939187223375 1.68500801876 100
0.918931682851 1.57775542405 100
0.906585951413 1.64914888285 100
0.879129551439 1.50849672815 2.47987074277
0.855223372351 1.54458567995 1.97009007621
0.842867415044 1.40346983378 1.46567814005
0.8142825909 1.46704925616 1.45309930315
0.815239063863 1.3261408855 1.24642858474
0.778937423275 1.38947199186 1.23662847022
0.752732653557 1.24883954082 1.24728041751
0.749989607586 1.3118992876 1.2707001252
0.71543336812 1.37851127884 1.30053191727
0.692054538416 1.23433412124 1.30849589417
0.684935923989 1.30088119134 1.33355296766
0.652479388333 1.15677809441 1.34970295432
0.652608802326 1.30422241012 1.36245523692
0.648746888285 1.66469110295 1.35252907585
0.675294446105 1.73856512129 1.34080810979
0.712728446208 1.83149625723 1.31655400011
0.70235336361 1.94605916871 1.302442193
0.73460069684 1.81057345967 1.28663171595
1.05079058356 2.16490879811 1.08747777091
0.989702792682 2.10073319741 1.02635173555
1.04510607491 1.93517904281 1.02119954927
1.10569154137 1.80914502988 1.2034976886
1.11237861162 1.66244510133 1.19851958703
1.1694760757 1.5102528639 1.21388283732
1.18583773318 1.35412258082 1.69702151044
1.23780689278 1.19860882653 1.95055674059
1.29716585807 1.12912797423 1.96321120953
1.51444106461 1.12744673821 1.34280953479
1.48670241804 1.1744364373 1.34254056527
1.40700392599 1.07348916115 1.53342667606
1.40923695552 1.04570391213 1.74025155275
1.46681644397 1.01585913101 1.54439069867
1.28897588929 1.06152581153 1.36869100558
1.28721941372 1.04100943429 1.37037627374
1.13335308533 1.12994063034 1.36990641448
1.0105539569 1.10087947099 1.36678338088
1.00923525031 1.23071725253 1.45326074859
0.91948570686 1.31719972408 1.45267879256
0.867902383 1.47227365955 1.45259919226
0.864475414447 1.60287682849 1.67945434882
0.854034233426 1.68997560595 1.41248644068
0.849823484547 1.76906814687 1.40277925565
0.850010544841 1.62904178694 1.16555458037
0.838617764152 1.7049980703 1.16162637961
0.83700049839 1.7822774471 1.16882383083
0.832976933218 1.64071420821 1.17427223052
0.823889967332 100 1.17615696541
0.824768880541 100 1.18502327114
0.816464102977 100 1.18749147953
0.809763071208 100 1.19110224297
0.814879007337 100 1.20158972343
0.800489833597 100 1.20115118757
0.796269376641 2.44640409836 1.20644563158
0.79714926046 2.28705614478 1.21507161326
100 1.25737808084 1.19390184181
100 1.19095811133 1.18360857334
100 1.13372820719 1.18226224697
1.75151950468 1.10850167932 1.27260342666
1.3292771331 1.11830741911 1.3819718514
1.32887292154 1.09576182378 1.43537509342
1.33045436593 1.06691621602 1.39111965984
1.53189232595 1.00681578636 1.3933824664
1.53801273759 0.978080419373 1.39313348506
1.35067127738 0.97992656524 1.23434637322
1.35094844973 1.04290272723 1.2318990852
1.4000305132 1.14397755816 1.08427173068
1.39843961891 1.2778888221 0.972874444346
1.61451338316 1.3971326553 0.904786412615
1.36293330225 1.27101877419 0.857758273867
1.35602770742 1.32299493918 0.847280093288
1.17552458381 1.18140434861 0.793033009817
1.16876696294 1.27142476084 0.792389464614
1.15878758044 1.40336556949 0.754215986103
1.15101644791 1.49024095209 0.745903513601
1.16245225274 1.56897662653 0.747111833897
1.16381686698 1.42748863463 0.731808779286
1.1723507214 1.50300829553 0.727743470371
1.18056061242 1.36213199946 0.72385866079
1.1838225437 1.43672928832 0.71119397254
1.19403626952 1.51312356005 0.710067694877
1.19924794765 1.37076866204 0.701219811106
1.20425845114 1.44641355798 0.691277315594
0.824081143227 1.17814655937 1.13979990916
0.903154961572 0.990608338679 1.14295554862
0.813675304424 1.1269064728 1.14585110184
0.813313565195 100 1.14627310704
0.770113156713 100 1.14223115244
0.775549377072 100 1.14982005603
0.732659018382 100 1.1791363413
0.700575117049 2.47510292272 1.19521212261
0.701402749791 2.31815308959 1.21964620163
0.660349811371 2.1614636904 1.25087366653
0.881080469469 2.00517698412 1.2639382801
0.872134541591 1.84712038661 1.29024732962
1.12949053782 1.68840855757 1.32289002271
1.63161486173 1.52983187035 1.33325915615
2.133856266 1.37143734875 1.36122309413
100 1.21329636939 1.3795688533
100 1.05552290362 1.40307203308
100 0.98481366736 1.43199320045
1.80602102704 0.980058566129 1.58648483245
1.43644377161 0.948127295739 1.39708851388
1.29178856147 0.998120512599 1.06674253198
1.29349022129 1.10055841043 0.949480212066
1.42881060777 1.23554275074 0.948433463585
1.4289319033 1.33347534598 0.876895360504
1.24267991141 1.39913942208 0.826469454818
1.23524286845 1.25755301093 0.831249500811
1.24790687969 1.31378950183 0.774279602392
1.28910308831 1.16927604979 0.726565573467
1.29569089808 1.30768669611 0.723969353472
1.29413288664 1.65566090578 0.705873148345
1.29042873994 1.72256853059 0.714726139908
1.2861795788 1.58285142111 0.722368175764
1.27755449887 1.66695524154 0.722451074639
1.2753834435 1.75153602108 0.733941748518
1.26813990153 1.61058505698 0.736567630198
1.26107906038 1.69429201492 0.73956776951
1.26055146476 1.77870419011 0.75360295166
1.25046975601 1.63797605821 0.751591250457
1.24500288222 1.72157348021 0.757320519495
1.03490520655 1.84739449987 0.986770551067
1.03471004326 1.58374261076 1.02725052054
0.974508623008 1.45611766324 1.09345220445
0.969342095457 1.3403220068 1.0945401685
0.904771526656 1.38937477399 1.15836635851
0.848725887956 1.24686299319 1.16735711243
0.836534298426 1.29291213885 1.22622148824
0.772989915044 1.147934806 1.29101530701
0.740115478411 1.2671671551 1.26078464748
0.745268419693 1.81714342435 1.26344595412
0.746923046394 1.68486362721 1.253190094
0.764349139222 2.46669280036 1.25244062278
0.761616830191 2.33124489568 1.23905313567
0.772059459258 2.40553487028 1.23264647241
0.782615358572 2.26610051953 1.22629540179
0.785188404226 2.33895574164 1.21481327164
0.798247643019 2.41303008505 1.210115516
0.804237996131 2.27235695515 1.20079449545
0.809520134166 2.27203675692 1.19094904867
0.82491160345 2.11317429652 1.18804209078
0.826617273022 1.95439319845 1.17566535539
1.08417914504 1.79571510461 1.16752644708
2.43657516149 1.0705848054 1.07574649912
100 1.0705848054 1.06262441107
2.05572677395 1.0705848054 1.06262441107
1.37080159218 1.08556759972 1.20334984783
1.3264787876 1.13244310376 1.33479362697
1.32615977147 1.11084639212 1.33301150625
1.32749193301 1.08687061557 1.33036428529
1.3542991706 1.00340981718 1.34987486746
1.35528491427 0.977606895094 1.34965537715
1.34603253519 1.00607608633 1.15521918704
1.34665411437 1.09207210607 1.02616570705
1.55089918543 1.21183988751 1.02467032015
1.75755160804 1.29759381873 0.936941977411
1.28100291488 1.35319898605 0.867941374447
1.26275146913 1.18151304973 0.803963019996
1.26202158364 1.29901253737 0.799684809277
1.24873459661 1.61858804308 0.767353501103
1.24276585519 1.48402209545 0.757959287716
1.00574230695 1.5612034636 0.762681893329
1.00580236353 1.42066632897 0.746099065395
1.01252299876 1.49565266043 0.740458747834
1.02333153741 1.57228747392 0.740491619853
1.02396848105 1.43011082418 0.726412067789
1.03265198246 1.50599527607 0.723585176129
1.03995812544 1.36495771915 0.718860614335
1.04264030988 1.44001398698 0.707381632671
1.05320395208 1.51681402339 0.707510281962
1.06078859992 1.34636264044 0.700182418156
1.0627201126 1.42187857524 0.687313085921
1.07239426132 1.28144077583 0.686365039485
1.01552896773 1.28764003601 0.761048026268
1.01435858285 1.63898126031 0.737135071023
1.01487909513 1.75707406837 0.745410211034
1.00784666207 1.62285172675 0.746032841169
1.00226416594 1.70735087697 0.749133918258
1.00482478044 1.79151555194 0.763311078087
0.99309136293 1.65047896407 0.758222589866
0.989594889694 1.7335841951 0.764191206338
1.31565857802 0.69544259255 0.701496206132
1.16687410591 0.85488101919 0.603554541575
1.16687410591 1.26498374371 100
1.17046926056 1.87666453199 0.601444084426
1.13174615572 1.78391113449 0.638416691071
1.09616337365 1.81537093341 0.684340091032
1.06369654597 1.84681555392 0.686417601975
1.04795553564 1.70470909639 0.719812203116
1.01288996219 1.7641373355 0.763995528092
0.55875146682 0.754999090759 1.34561824356
0.55875146682 0.754999090759 1.26481157317
2.27959171154 0.951821290389 1.23036912097
2.27959171154 0.951821290389 1.23036912097
0.55875146682 0.754999090759 1.26481157317
0.55875146682 0.754999090759 1.26481157317
2.27100825914 0.951821290389 1.23036912097
0.522631173453 1.16914665916 1.23036912097
0.522631173453 1.16914665916 1.23036912097
2.28985122986 1.78703913857 1.24614125685
0.593080895424 1.5563938707 1.23417876553
0.69593832407 1.59537067767 1.21717988654
0.692136082213 1.45379990874 1.12844776535
0.786445678286 1.31281114134 1.11753031016
0.887105289861 1.3338299079 1.02293790233
0.890032329951 1.16128220867 0.930003649654
1.50418648121 0.633503511239 0.646575975678
1.37591965661 0.633503511239 0.646575975678
1.23665304909 1.00755686508 0.536174002665
1.23890624948 1.45911444856 0.530946918197
1.22914697545 1.77770135224 100
1.21429949907 1.65025266957 0.605727998028
1.14037115389 1.5118699239 0.688059452579
1.1309836657 1.54489904539 0.695345275406
1.05127271509 1.40159163177 0.768823497351
0.977960623911 1.43673489527 0.850811932332
0.684887949478 0.91032193416 1.2226077858
0.684887949478 0.91032193416 1.2226077858
0.609487599101 1.10954479582 1.15860526833
0.631568494762 1.83149783466 1.14671815965
0.637204902232 1.58395731272 1.18718236157
0.716223692857 1.45674317087 1.10564039449
0.807729848282 1.31899222482 1.09681012478
0.81309900378 1.34472525001 1.00811344044
0.897022688447 1.20147434307 0.925661102702
0.98762746233 1.23051708624 0.916356940676
0.992409581894 1.40229372593 0.776422831463
0.983853888728 1.77968875494 0.778565663827
0.976480560443 1.65512003709 0.775115186099
0.974028589283 1.74061843618 0.779758890549
0.974095511477 1.82437120369 0.787736605142
0.965477258162 1.6557820674 0.786595102705
0.96220663862 1.73777046438 0.790486257299
0.96384929327 1.82057697069 0.800296892734
0.954098390401 1.68025952035 0.796377053758
0.952928200621 1.76224725388 0.802762666537
0.950942017141 1.84505508923 0.808139557184
0.943218160422 1.70471483708 0.806785228463
0.944192900193 1.78671957219 0.815588880937
0.938495835212 1.86953227723 0.816640989631
1.26091415091 1.15740599242 0.755157152466
1.01030767347 1.57297545577 0.755157152466
1.01317792746 2.04324258345 0.759377388895
1.22241403004 1.89946317966 0.795859171352
1.21948353187 1.7456014052 0.807567399343
1.23689765444 1.59020465695 0.838367638665
1.73593243188 1.43514412627 0.878821100153
2.23501106616 1.27882966918 0.886588731465
100 1.12000503074 0.91996429073
2.06219880027 1.03676548225 0.970475753714
1.64240340462 1.01805284719 1.06793442807
1.45109348492 1.15393908475 1.2081790485
1.48199271463 1.26849935242 1.09682251416
1.4704969372 1.36943601359 1.00732575385
1.45397906854 1.24213626249 0.933730003791
1.45120290767 1.27759958752 0.920907148516
1.30341199997 1.13332925842 0.840225215476
1.29883156792 1.25215444905 0.837442666353
1.27672899263 1.33762513088 0.786085699814
1.2606117822 1.4117686605 0.75642951859
1.26257465948 1.27237615423 0.738856421106
1.28493401262 1.33929184711 0.731676783623
1.29534589757 1.40896658063 0.705646121332
1.31292590697 1.26516063627 0.71387302526
1.33675669962 1.33446289934 0.67899524115
1.3444890964 1.19102239672 0.655546529359
1.35353835994 1.34044082369 0.653200087197
1.34064863363 1.91149714693 0.661529960487
1.32419795836 2.012584388 0.695157824845
1.29877209529 1.87410987663 0.70138718193
1.04829298547 1.60973444914 1.01326277328
1.04820723559 1.3672404 1.01743590351
0.977739013346 1.41976621304 1.085143378
0.974285305371 1.27994774173 1.10086770323
0.896881187535 1.31935261214 1.16582114173
2.31886312717 1.05924201151 100
2.31886312717 1.05924201151 100
100 1.05924201151 100
100 1.03611803168 100
2.12720625178 1.0066225388 2.34623045286
1.9046122836 0.975846069154 1.91205872799
1.49038298815 0.952712562538 1.71146123545
1.30140067376 0.984420031154 1.52706778589
1.29944548197 0.963729284947 1.52912751756
1.13055572483 0.936205432981 1.37009532606
0.989262045513 1.01353374206 1.37199459921
0.987759899737 1.13211838784 1.25265407633
0.882926062599 1.10729121975 1.25427646359
0.882548882496 1.25762309513 1.18772707719
0.818437450426 1.36216760224 1.1996769168
0.772270225717 1.22827646774 1.24614360105
0.761380554589 1.08918054076 1.30033305613
0.720130645918 1.21903720719 1.28015650466
0.94789578319 1.31706746485 1.2885907601
0.951398384894 1.39752502514 1.18472779886
1.05374142742 1.40257191342 1.08745662028
1.06971496972 1.23225407437 1.07829645952
1.16268475238 1.25248436656 0.974675121096
1.26101298037 1.10578563971 0.876326464393
1.27082462522 1.16709004659 0.794347057036
1.22435464178 1.35298871934 0.793478589779
1.21613892163 2.3473755927 0.78392480916
1.21014530373 2.21749698094 0.80278925414
1.19347091325 2.29021874616 0.808613865974
1.18099725202 2.14968201924 0.821267096364
1.17282822474 2.21985677359 0.843895781456
1.15505958854 2.07940358207 0.845382940759
1.14443467267 2.14906476716 0.860610775056
1.13354581203 2.13326197874 0.882440328211
1.11492445934 1.97418394382 0.885935881047
1.10368311815 1.81486005248 1.14973203644
1.09363615231 1.65554357974 1.16469765872
1.07674995153 1.49623691615 100
1.06755341871 1.33694357251 100
1.05409155991 1.17766895476 100
1.05060051816 1.09392967703 100
1.09768863725 1.07460063638 1.60101333555
1.19332172136 1.05862027133 1.38199738541
1.32398358848 1.03350707627 1.34642203113
1.30844733915 1.08186826869 1.34961043932
1.30597481988 1.05352149216 1.35157592792
1.15248255369 1.13847038477 1.35098564335
1.03041791565 1.11401251043 1.5516266129
1.02911710856 1.23740536507 1.54891684264
0.939050997952 1.32130456907 1.53335348123
0.799094148041 1.7454704037 0.952468492912
0.807627162529 1.58589149654 0.960397100484
0.792559375575 1.67431658274 0.958157653192
0.789355859834 1.53518430858 0.966050946552
0.788807022526 1.58305675144 0.978335099632
0.77478729536 1.63128326885 0.979816017351
0.769091072391 1.51226572611 0.984187392803
0.768193170873 1.59285129071 0.993617705943
0.755708613606 1.45277357294 0.994390329923
0.754189349173 1.52827768566 1.00358615232
0.74786102158 1.60525903767 1.00914210419
0.73804398016 1.46300972671 1.01216248719
0.746425392456 1.53922820277 1.02328886259
0.728197220403 1.39810600542 1.02538853018
0.811219136304 1.50830854378 0.959701559283
0.80997943181 1.64909543116 0.958013949796
0.821240353742 1.73146562812 0.930531248803
0.842040585601 1.56516263049 0.908653749386
0.867679060562 1.63117980486 0.900127633265
0.878894398911 1.490398293 0.873061417723
