100 2.01556443707 1.0
100 2.01556443707 1.0
100 2.01080225712 1.0000150533
100 2.00259833438 1.00011173817
100 2.21169036092 1.00037237529
100 2.19882906619 1.00087002106
100 2.19882906619 1.00087002106
100 2.19882906619 1.00087002106
100 2.18464275349 1.00166126539
100 2.16950840828 1.00278642204
100 2.15369934235 1.00427228225
100 2.13741371572 1.00613532291
100 2.13741371572 1.00613532291
100 2.1207952473 1.00720208449
100 2.1039482386 1.00509834525
100 2.0869484639 1.00333698624
100 2.0869484639 1.00333698624
100 2.0698510602 1.00193622956
100 2.05269624101 1.00090871578
100 2.03551343326 1.00026307874
100 2.00114476619 1.0001382266
100 2.18583496718 1.0015849678
100 2.15055209353 1.00460601067
100 2.11539668677 1.00648939961
100 2.0803921818 1.00275565689
100 2.04555521435 1.00059355655
100 2.01089914587 1.00001444677
100 2.19572141202 1.00102158236
100 2.16033004736 1.00361040228
2.2810537409 2.12509547965 1.00776880251
2.02790646643 2.09002599454 1.00362873267
1.77476124187 2.05513022936 1.00103130154
1.52161912306 2.02041728287 1.00001560761
1.2652461828 2.18774761461 1.00146632491
1.25969500482 2.15238962087 1.00440963195
1.25538426531 2.11719083725 1.00672223258
1.25127101691 2.06470899379 1.0015883175
1.25010946865 2.02994471171 1.00013683244
1.25021708591 2.21525478423 1.00027134413
1.25159354138 2.17977862247 1.00199121395
1.01074987719 2.14445575341 1.00528830517
1.00572746411 2.10929387847 1.00572746411
1.0022647867 2.07430118488 1.0022647867
1.00037804154 2.03948638094 1.00037804154
1.00007614815 2.00485873397 1.00007614815
1.00136053997 2.1895196015 1.00136053997
1.00422513048 2.15415382859 1.00422513048
1.00695399796 2.11894688511 1.00695399796
1.003060478 2.08390682119 1.003060478
1.00073914875 2.04904219811 1.00073914875
1.00000095897 2.0143621255 1.00000095897
1.00084941166 2.19927201601 1.00084941166
1.00328048147 2.16386391214 1.00328048147
1.00728270954 2.12861250887 1.00728270954
1.00397510824 2.09352572193 1.00397510824
1.0012200244 2.05861196844 1.0012200244
1.00004580362 2.02388020337 1.00004580362
1.00045801221 2.20903571519 1.00045801221
1.00245469317 2.17358584345 1.00245469317
1.00602641232 2.13829057882 1.00602641232
1.00500835267 2.10315770519 1.00500835267
1.00182049601 2.06819549828 1.00182049601
1.00021066595 2.03341276137 1.00021066595
1.00018648218 2.21881055007 1.00018648218
1.00231734363 2.17535472781 1.00231734363
1.00638188165 2.11455758039 1.00638188165
1.00206846054 2.07168379238 1.00206846054
1.00000956128 2.01176882619 1.00000956128
1.00266810278 2.17093324174 1.00266810278
1.00590667229 2.11076342948 1.00590670042
1.00535175862 1.64311202686 1.0148358124
1.00535175862 2.06311873993 0.99785401099
1.00221701775 2.06752793456 1.00136088635
0.996024798475 2.00624923827 1.00404638386
0.994516985881 1.94506478752 1.01135057179
1.00090665757 1.6837255944 1.01517542134
1.00090665757 2.10223452589 1.00935933127
0.994546149518 2.33493732681 1.01639155647
0.989350024969 2.06777896704 1.01347493614
0.996571983784 2.06683084135 1.00656534486
1.00430999594 2.00314320559 0.995831252674
1.02503769498 1.52902199733 0.992092542405
1.01487444791 1.93762032674 0.992092542405
1.01591491716 1.95604812336 0.987752403811
1.02489628652 2.11344302106 0.989765175401
1.01937539691 2.27243958468 0.9830634864
1.00844654096 2.19748113354 0.994304123124
1.00777057013 1.78251431678 0.992601923186
1.00827069956 1.99010929163 0.992343005463
1.00964849835 1.97094206755 0.992518881253
1.01168284318 2.06808918879 0.994227675032
1.01486430834 2.03322164987 0.997597321337
1.01946763935 1.99599182834 0.996612121254
1.25985377121 1.95752189822 0.993664971235
1.25829025116 1.91840093557 0.992202451168
1.2579399335 1.87893819372 0.99229322021
1.25883258398 1.83929602672 0.993964647184
1.26097752934 1.79955966836 0.997220525683
1.26345278647 1.7692363961 1.0005644851
1.26718733604 1.73439226459 0.997047981803
1.27221861362 1.69717478265 0.994627374086
1.52492943393 1.65871134705 0.993585497673
1.77773790803 1.61959381745 0.994052440616
1.78404292964 1.58013290795 0.99608098485
2.03688541964 1.54049173725 0.999684240742
2.28975345134 1.50075593968 1.00005056052
100 1.46097047197 0.996869087529
100 1.42115893605 0.995268601418
100 1.38133372309 0.995259614327
100 1.34150133894 0.996843422075
100 1.30166519989 1.00001297647
100 1.26182710036 1.00271449772
100 1.22198798348 0.99909716437
100 1.18214834561 0.997059807332
100 1.14230844871 0.996612179616
100 1.10246843196 0.997756448556
100 1.06262837029 1.00048716382
100 1.02278830519 1.00479139566
100 0.982948261005 1.00143887375
100 0.943108253478 0.998969548457
100 0.903268294404 0.998085692906
100 0.863428394171 0.998791516778
100 0.833050939569 1.00039606538
100 1.66653875317 0.731456895156
100 1.88946458528 0.731905126467
100 1.87021340766 0.734388723304
100 1.8436006355 0.760799372427
100 2.01393090853 0.755739279161
100 1.81442435999 0.755724506263
100 1.80676735691 0.807633627527
100 1.7179317064 0.862044606034
100 1.62872046696 0.922155663764
1.18621587968 1.53966711292 1.01601104878
0.847394847177 1.27287694546 1.06777945534
0.787598060915 1.18322381326 1.12366046958
0.771588207841 1.52620858089 1.12845324631
0.791542572391 1.30322066895 1.12937960105
0.794673589174 1.27952449032 1.13247537554
0.757480561982 1.25029636223 1.13757245888
0.752525325437 1.21831956716 1.16221427535
0.749121702702 1.18506570356 1.16246438649
0.747597917014 1.35265688535 1.16402393116
0.748101982655 1.31664598954 1.16692538182
0.750688133161 1.28060366775 1.17117371941
0.75535865922 1.24465771588 1.17675918017
0.711967993502 1.20888516107 1.20468172603
0.707578353734 1.17333774058 1.20462631082
0.705410039929 1.13805536077 1.20588621073
0.705486474002 1.10307331448 1.20845842367
0.707808199111 1.27050000233 1.21233502892
0.712353785397 1.23388506909 1.21750371366
0.671156742371 1.19747460366 1.24719479492
0.666051156227 1.16128860019 1.24690479365
0.663303333907 1.12534911182 1.24788730786
0.662942661163 1.08968074026 1.25013936132
0.664973051516 1.05431111255 1.25365412176
0.669372759252 1.01927138704 1.25842101236
0.627362438119 1.16903595214 1.28933143831
0.622702651874 1.13238307509 1.28943964
0.620570791419 1.09595270836 1.29077812351
0.620992893335 1.05976780234 1.29334306951
0.623963774937 1.02385438419 1.2971272025
0.629447348054 0.988242053411 1.3021198932
0.583628627293 0.935463240969 1.33160167052
0.579482332655 1.10448930479 1.33208275779
0.57805858343 1.06757667608 1.33375428435
0.579377450949 1.03088207225 1.33661178404
0.583420335812 0.994429629082 1.34064767341
100 0.940266576079 1.34888700609
0.539970336711 0.904549642818 1.37399319797
0.536421292007 0.869191251297 1.37482406565
0.537788613255 1.01062458285 1.37890541551
100 1.01010299577 1.37892489978
100 100 1.37892482578
0.53343307944 100 1.37892482428
0.533433079422 100 1.38098188441
0.56065331712 2.30346327365 1.35380565467
0.584879157879 2.22928727386 1.31363224588
0.617364849886 2.23999356129 1.27787327832
1.40432226301 1.92260366118 1.24564994041
100 1.60453202431 1.21724343563
100 1.53274419383 1.21996687441
100 1.53179513231 1.21986241182
100 1.52647271045 1.2193346699
100 1.49096352471 1.21823811679
100 1.45854508743 1.18368685076
100 1.42291998637 1.17807087036
100 1.38563475139 1.17342122739
100 1.34750089698 1.16993937914
100 1.30894523014 1.16772887616
100 1.27019345256 1.16684107125
100 1.23136625655 1.16729912834
100 1.192529655 1.1289778446
100 1.15372138673 1.12361510688
100 1.11496481417 1.1196408832
100 1.07627628593 1.11707239869
100 1.03766909316 1.11592046118
100 0.999155662694 1.11618994803
100 0.969860777018 1.08115873059
100 0.936315283734 1.07567876033
2.49590082508 0.900610698604 1.07105091924
2.48997202702 0.863853440755 1.06761283053
2.2468913141 0.80795962736 1.06502470033
100 1.76600018766 0.721332951546
100 1.99245392464 0.721076045682
100 1.97324784317 0.720769152105
100 1.94669511074 0.721662899554
100 1.92460272785 0.723456346885
100 2.12974382748 0.727036377733
100 2.09807409337 0.763184724726
100 2.06488582828 0.758419077782
100 2.03099196967 0.755462448374
100 1.99682281184 0.754487353522
100 2.19557257925 0.755569062755
100 2.16057042817 0.7587276853
100 2.12566672476 0.763949086188
100 2.09090187631 0.793337034188
100 2.0563015033 0.789911123112
100 2.02431213245 0.788483500217
100 1.98965424607 0.789066455615
100 2.15719538478 0.791656166593
100 2.12154983069 0.796233304453
100 2.08605528304 0.828057897602
1.69443309216 2.05335276999 0.822450609947
1.42255142412 2.06477380475 0.84339515987
1.14416386471 2.15077530336 0.861212547228
1.11540883259 2.07946655469 0.884616633051
1.09073753852 2.00824930334 0.913210001488
1.09093478334 1.94494474638 0.924630830673
1.05623372038 1.7258022689 0.959334482058
1.04318867889 2.29899031296 0.959242495766
1.04280650367 2.07442080143 0.959113784517
1.04066907195 1.8436691198 0.959817480165
1.03778147218 1.81724147369 0.962285993042
1.03528336502 1.78691650495 0.966559547124
1.03380732616 1.96249699667 0.98409131026
1.03365344662 1.92797933425 0.982011113059
1.02359675556 1.8754881465 0.981761801785
1.01756790025 1.84039341116 0.983579131795
1.01303644582 1.80536880591 0.986995242376
1.01004189776 1.77048154323 0.991999656032
1.00860674966 1.73577287973 1.00858628666
1.00874157451 1.90908797663 1.00682336598
1.0104474332 1.87332887497 1.00663391937
0.994125250877 1.83773258826 1.00801974056
0.989070014779 1.80231129251 1.01097473058
0.985600252371 1.76707683571 1.01548533896
0.983732932383 1.73204131419 1.02153101013
0.983477268832 1.69721741115 1.28038094554
0.984834554558 1.87106055001 1.28071039944
0.970820492643 1.83520457021 1.28227821492
0.965242639193 1.79951615654 1.28507986518
0.961284980801 1.76400550728 1.28910730781
0.958967581569 1.72868359202 1.29434910117
0.958310417974 1.70188510421 1.29915291355
0.958742904902 1.67127233311 1.80384649486
0.960602858932 1.63877601338 2.30894034025
0.944206096374 1.80023758978 100
0.939048072204 1.76146481776 100
0.935475210559 1.72236966823 100
0.933553424323 1.68311425333 100
0.933314448426 1.64378430877 100
0.934768988445 1.604425551 100
0.921230478663 1.56506276753 100
0.915376905821 1.52570984572 100
0.911227328745 1.48637504734 100
0.908806160913 1.44706378966 100
0.908127711874 1.40778012012 100
0.909196096282 1.36852750802 100
0.91200526529 1.32930928093 100
0.891799361184 1.29012887839 100
0.887102908348 1.25099001451 100
0.884178465437 1.21189679827 100
0.88304364898 1.17285383879 100
0.883705358298 1.13386635111 100
0.886159570974 1.09404957453 100
0.868412638043 1.05421117672 100
0.863141637679 1.0143729512 100
0.859686579824 0.974534920943 100
0.858069400943 0.934697111922 100
0.858300489802 0.894859554208 100
0.860378357172 0.855022283204 100
0.845234689129 0.815185341094 100
0.717734124036 1.80674355063 100
0.716978012633 1.80190067999 100
0.714682378965 1.78283757305 100
0.71280760352 1.98804760657 100
0.712338588462 1.95715004543 100
0.713754097076 1.92432612101 100
0.717258799454 1.89058672329 100
0.722912040247 1.85646741623 100
0.746335690824 2.0539500832 100
0.742856329432 2.01884392977 100
0.741482496277 1.98382601748 100
0.742238841455 1.9489459118 100
0.747359469545 1.89694926163 100
0.7791578425 2.09368278481 100
0.774294880296 2.05851537407 100
0.771948702992 2.0318151793 100
0.770723858042 2.00129184174 100
0.771156513753 1.96886176145 100
0.772737773862 2.16564894117 100
0.775986631897 2.13550640368 100
0.781154183261 2.10311744494 100
0.805127236579 2.0779017347 100
0.800850347604 2.03245204962 100
0.799949550958 2.0172814866 100
0.800175292693 2.18280597268 100
0.802028190706 2.15015922868 100
0.805726218999 2.11628973728 100
0.811337714818 2.08186141999 100
0.832274919814 2.0472260074 100
0.829741600854 2.01257202601 2.43397697511
0.829094639261 1.97800288043 1.67830885191
0.830352025535 2.14837548078 1.42213484711
0.833510876419 2.11277283695 1.41661541594
0.838551978821 2.07730784393 1.41219519646
0.862250223399 2.04199570707 1.40888650812
0.859344228233 2.00684870345 1.40669811353
0.858279255752 1.97187786719 1.40563566589
0.859062441303 1.93709389364 1.14507703978
0.861688868506 2.10810506247 1.13890536011
0.866141819174 2.07236557259 1.13410042066
0.892229906189 2.0367780929 1.13067969442
0.889006957201 2.00135082118 1.12865578972
0.887562430979 1.96609246437 1.1280362352
0.88790501357 1.93101229949 1.12882334768
0.89003264397 1.89612022952 1.11133321111
0.89393257768 1.86142683857 1.10607552844
0.899581765137 2.03199972779 1.10223372928
0.918733036878 1.99630308076 1.09982265171
0.916933725945 1.96076608382 1.09885171378
0.916863716763 1.92539757748 1.09932473144
0.918523404808 1.89020702013 1.08392525731
0.92190344831 1.85520453827 1.07819242483
0.926985028796 1.82040098087 1.07390800314
0.948516747517 1.99171360503 1.0710893736
0.946384943429 1.95590493169 1.06974812271
0.945927827457 1.92025510594 1.06988980676
0.948385065066 1.86709809958 1.0533946891
0.952105880252 1.83188625887 1.04790074206
0.957471428067 1.79686776649 1.04389947417
0.975159705613 1.94069178814 1.04083407916
0.970976819912 2.12305612761 1.0408525614
0.973965402059 2.1087704626 1.04149663638
0.968794922432 2.04875324431 1.03435243426
0.968319677686 2.00640622897 1.03173355237
0.971433908616 2.16747816294 1.03233974825
0.977077411852 2.32838270002 1.03650074691
0.99216656293 2.33750072084 1.02340809133
1.03681448727 2.29843358812 1.02703697805
0.994824507369 2.29302761149 1.02717592396
0.997022780574 2.27141502893 1.00343567809
1.00020696478 2.24123273094 0.999869898863
1.00471391008 2.20655529152 0.99717294984
1.02168369353 2.16952453643 0.995734994661
1.01984063823 2.13126372109 0.995746436373
1.01944017386 2.09236189354 0.997293723432
1.02055213442 2.05312814788 1.0004076303
1.02319996898 2.01372485516 1.00508870935
1.02738294816 1.97423747548 1.22322002354
1.0460225361 1.91494140495 1.22000697429
1.04468365072 1.88479383377 1.21949096189
1.04423320658 1.8501810403 1.21983044093
1.04503677943 1.81323077792 1.22129204038
1.0472576737 1.7750603591 1.22399063836
1.05095643558 1.73625670695 1.22796540011
1.05614353956 1.69712838495 1.23321988363
1.07025863395 1.6578379013 1.48158800856
1.06910554807 1.61847116131 1.48743066474
1.06921869619 1.58844230144 1.73420843389
1.07040990142 1.55395055545 1.7394459774
1.07293134607 1.51712723134 1.98717798953
1.07688341606 1.47909187395 1.99317156089
1.08229081282 1.44043301677 2.24104171612
1.09461838114 1.40146059621 2.2474310824
1.0938688937 1.36233846316 2.49523604758
1.09455888039 1.32315395122 100
1.09669268634 1.28395440963 100
1.10026475971 1.24476640213 100
1.10526219969 1.20560581389 100
1.11983554284 1.16648319361 100
1.11874210048 1.1274066032 100
1.11906663563 1.08838316961 100
1.12080806996 1.04941996815 100
1.12395988039 1.01052457093 100
1.12851027357 0.970956023776 100
1.13290942655 0.940589241061 100
1.14404558753 0.905730019094 100
1.14351356425 0.868513153793 100
1.14423695008 0.830059469867 100
0.719513128951 1.74753845785 100
0.719495554937 1.96522953768 100
0.720556502921 1.94184989637 100
0.723368842569 2.14678363636 100
0.728225895413 2.11475196409 100
0.759594325976 2.08136568791 100
0.755786222403 2.04735744561 100
0.753955774748 2.0131160333 100
0.754182353247 2.21223834434 100
0.75649246777 2.1772123033 100
0.760878882777 2.14228946855 100
0.79552997372 2.10750704732 100
0.791300583972 2.07288890972 100
0.789060234573 2.04094475902 100
0.788827274396 2.00612056681 100
0.790604088578 1.97148377815 100
0.794377445655 2.13837373388 100
0.82877452467 2.08496979391 100
0.825262963453 2.04956178066 100
0.823665711066 2.01431921855 100
0.823993919239 1.97925101718 100
0.826245301792 1.94436664819 1.42605231212
0.830404220035 1.90967620551 1.41968305247
0.864402442308 2.07699187787 1.41440775138
0.860642261422 2.041279108 1.41023868693
0.85871600289 2.0057218335 1.40718569217
0.858636009836 1.97032847425 1.40525604161
0.860402797386 1.93510802516 1.40445436564
0.864005036348 1.90007010207 1.13652723811
0.869419912752 1.86522499138 1.13086019892
0.89606339468 1.83058370376 1.12657443995
0.893834177097 1.99773271647 1.12368576602
0.89337786954 1.96202244663 1.12220496592
0.894697184639 1.92647416502 1.12213761326
0.897784294472 1.89109700666 1.10353621011
0.902621060792 1.85590075745 1.09738992685
0.931521609272 1.82089590783 1.09266266013
0.929012537853 1.78609371132 1.08937288333
0.928208293015 1.95434087508 1.08753364169
0.929113301884 1.91847354462 1.08715229727
0.931722583735 1.88276599173 1.08823038273
0.936021886031 1.84722748209 1.06407843249
0.941988068927 1.81186796272 1.05888233807
0.964244497933 1.77669812036 1.05516598413
0.963117671746 1.74172944518 1.05294503895
0.963638106474 1.70697430043 1.05222897166
0.965803139182 1.87508561606 1.05302085228
0.969601753217 1.83921437484 1.03094110714
0.97501485569 1.80350977776 1.02524646787
0.997935623327 1.94829246002 1.01916694975
0.988531850379 1.94777997395 1.01916668746
0.988532241596 2.16504648945 1.0191668739
0.988532242778 2.38872703929 1.01916687605
0.968012326427 100 1.03609761391
0.948583747854 100 1.0671653545
0.917421118693 2.2177995668 1.08766045028
1.13820668649 1.9018593246 1.11180387586
1.39751222379 1.58465121213 1.14006894008
1.40928012181 1.51276329921 1.15023938815
100 1.5116004788 1.15018150292
1.65427607882 1.49665875991 1.14947923345
1.65888127338 1.46989256809 1.14965733357
1.90616805764 1.43692601171 1.15116640667
1.91025296303 1.41016372698 1.15320798047
2.15738965 1.37720012505 1.15662129228
2.16286876008 1.3409816454 1.16146023025
2.41063012894 1.30305513598 1.17419110096
2.41668881705 1.26423275208 1.17358922916
100 1.22494095024 1.17429003031
100 1.18540370678 1.17632260455
100 1.14573871071 1.17969282261
100 1.10600786757 1.18439394179
100 1.06624381661 1.19041157781
100 1.02646385563 1.19874745826
100 0.986677255895 1.19909387943
100 0.946889108073 1.20076239862
100 0.91655243938 1.20291989407
100 0.881728360704 1.20633540261
100 0.84455130812 1.21108030227
100 0.806142192226 1.21716064928
100 1.67292848744 0.695929222448
100 1.88975951749 0.696931304543
100 1.85193929752 0.702103980057
100 1.82129167793 0.727287419315
100 1.78875596394 0.722887313955
100 1.98639556428 0.720348731799
100 1.95164614372 0.719873691243
100 1.91676467515 0.721547842686
100 1.88190716207 0.72539098322
100 1.84716062789 0.755600598476
100 1.81257634884 0.750369096524
100 1.99060422235 0.74722094534
100 1.973127012 0.746186645629
100 1.93809777996 0.74727679867
100 1.90325422199 0.750482920707
100 1.86860851105 0.755778393363
100 2.02119665995 0.777661432905
1.88315779671 1.9687023054 0.773125437024
1.37751911346 1.93394012795 0.772658695363
1.37179406405 1.94190073954 0.774244473705
1.36720646517 2.07063075982 0.777870229923
1.36376780264 2.03508265145 0.783507648137
1.36148678522 1.99969636317 0.802812955912
1.3603692377 1.96448064714 0.799906819476
1.36041802801 1.92944484705 0.798979191753
1.09709345905 1.89459894625 0.800036955443
1.09196620443 1.85995361904 0.803072265661
1.08827426589 2.03176152293 0.808062838149
1.08603228158 1.99612557548 0.830044862517
1.08524923782 1.96065149688 0.826773906633
1.08592829069 1.92534823443 0.825415207239
1.07246623694 1.89022535906 0.825978201144
1.06686377105 1.85529311563 0.828458970601
1.06272636899 1.82056247752 0.832840378437
1.06007118512 1.99294386194 0.857331046464
1.0587394562 1.72430166568 0.852478626795
1.01930363066 1.70539667474 0.891920726604
0.979839802569 1.62375301346 0.935740897441
0.910596143709 1.54174903606 0.984467803972
0.863035728753 1.45974695524 1.04999320919
0.820937063711 1.37774957236 1.09115562626
0.803131030934 2.31520196795 1.09379260212
0.802614816852 100 1.09384402327
0.800029977163 100 1.09522414179
0.796743837741 100 1.0985288531
0.794115401317 100 1.10361078511
0.792892573217 100 1.11860760229
0.79342823112 100 1.11826800391
0.795869246202 100 1.11929199496
0.800259600956 100 1.12171155675
0.769545465899 100 1.12553233502
0.765391896134 100 1.13074536328
0.763285631745 100 1.14879661918
0.763250881822 100 1.14808103556
0.765291069181 100 1.1487460785
0.769390985923 100 1.15079031136
0.741270081413 100 1.15420679226
0.736441279409 100 1.15898352735
0.733746772245 100 1.16510382845
0.733210252767 100 1.17798955827
0.734836518704 100 1.17832731638
0.738611313937 100 1.18001086992
0.713212415849 100 1.18303448191
0.707676045216 2.4945817432 1.18738791846
0.704353152651 2.45511896912 1.1930566232
0.703275117797 2.4156685878 1.20796557747
0.704452248378 2.37623122241 1.20799268777
0.707873294746 2.33680753505 1.20933303237
0.713505981203 2.2973982315 1.21198225449
0.67912942503 2.25800406575 1.21593179906
0.675125480359 2.21862584463 1.22116904953
0.673458688577 2.17926443271 1.23800551515
0.674146385409 2.13992075767 1.23773697929
0.677181397761 2.10059581619 1.23875040143
0.682532412979 2.0612906805 1.24104264107
0.900748843619 2.02200650562 1.24460663249
0.895999971956 1.98274453744 1.24943149277
0.893005024057 1.94350612181 1.25550268554
0.891781671163 1.90429271464 1.26755203644
0.892337199627 1.86510589333 1.26825374338
0.894668295759 1.82594736957 1.2702052995
0.898761143921 1.78639620179 1.27340095843
0.904591831154 1.74660941981 1.27783138629
1.15139276196 1.70682515032 1.28348379632
1.39876341469 1.66704357319 1.29743423125
1.40421432469 1.62726488589 1.29783844999
1.65132106933 1.58748930566 1.29946460241
1.6571388976 1.54771707205 1.30230811114
1.90403842836 1.50794844985 1.30636102688
1.9101255616 1.46818373254 1.31161213839
2.15685935523 1.42842324623 1.32737902946
2.16315253164 1.38866735435 1.32749908138
2.40975125245 1.34891646312 1.32881416575
2.41620714512 1.30917102806 1.33132074117
100 1.26943156165 1.33501209637
100 1.23913500634 1.33861686715
100 1.20436065027 1.34359015561
100 1.16723972467 1.35715383611
100 1.12889144106 1.35763430427
100 1.08990379948 1.35923983352
100 1.03085779645 1.36380819004
100 0.991324754306 1.36829580886
100 0.951737509768 1.37392684094
100 0.921545150622 1.38702410752
100 0.886873132742 1.38736570453
100 0.849860042434 1.38869668561
100 0.811629996188 1.3911176244
100 1.6584147061 0.721795202731
100 1.8732868008 0.723172805322
100 1.84957375961 0.726690218299
100 1.8205425537 0.747233669648
100 1.78882544667 0.743080821636
100 1.75580781295 0.740628586148
100 1.95104910693 0.740134655993
100 1.91621001004 0.741711484998
100 1.88133025599 0.745392338168
2.25923400896 1.84652600214 0.751164748331
1.75413365683 1.81186369699 0.766645970567
1.49824213911 2.00647889727 0.763489470771
1.49233328476 1.97116304798 0.762400504218
1.48542706403 1.91850517035 0.764663419117
1.48214328615 1.88363028722 0.768753045167
1.47992483693 1.84895418983 0.792481841994
1.47877668484 2.04331390194 0.787913380781
1.22531567242 2.00803475152 0.785341873588
1.21913475777 1.97292901365 0.784787030642
1.21423024249 1.93800624813 0.786253156243
1.2106176598 1.90327659814 0.789729009405
1.20830860688 2.09780545562 0.79518824214
1.20731056724 2.06249595382 0.811090996532
1.20762679322 2.02735440853 0.80810240271
1.1984726386 1.99238971238 0.807071826201
1.1909808124 1.94029516691 0.809209723651
1.18763177751 2.09320558171 0.813075763404
1.18561280987 2.05859989107 0.818864195071
1.18493070835 2.06426347777 0.832413672364
1.18531050085 2.0376245528 0.830385851414
1.17708447191 2.0071749274 0.829424728671
1.17183762998 1.97482638353 0.830016170734
1.16763924547 2.1071976402 0.832378172393
1.1646582963 2.07290868009 0.836589492762
1.16297766279 2.03849681442 0.857609965775
1.16263637116 2.06612787137 0.853888879686
1.15757197063 2.03153459632 0.851995733816
1.15138390219 2.14201463483 0.851954881704
1.14654112647 2.10673056583 0.853771877996
1.14306431439 2.07159865951 0.857437106703
1.11833260494 2.01718017147 0.886593686038
1.09629919479 1.94528755178 0.919266776273
1.06017338908 1.87349723431 0.941888608914
1.03096470369 1.80182157541 0.9695245095
1.02890947528 1.94756976522 0.979865716546
1.01877765995 1.96256363142 0.986268534629
1.01245585495 1.91630472209 1.0015777641
1.00835423856 1.64353071848 1.01152473855
1.00845991786 2.05061563847 0.99351205922
1.00825197474 2.02693795149 0.992059744857
1.00853885316 1.99808437925 0.991695847452
1.00992978713 2.1861563479 0.992726738582
1.01271496862 2.15233880559 0.995280877486
1.01618023006 2.11787547246 0.998564609351
1.01234079633 2.0831542922 0.994426213624
1.01000619985 2.04838345014 0.991821645634
1.00921770459 2.01367673012 0.990791687447
1.00999242345 1.97909859001 0.991354169207
1.01233246984 2.16357583709 0.993511974857
1.01622931357 2.12820045754 0.99725703207
1.014014807 2.09297605467 0.994774393347
1.01121850475 2.05791506911 0.9916972233
1.00998676971 2.02302845321 0.990214230408
1.01032561064 1.98832667144 0.990332874004
1.01223357352 2.17305380393 0.992052708343
1.01570186618 2.13761234473 0.995365486891
1.01575953573 2.10232822208 0.995198475917
1.0125363353 2.06720959077 0.991681804633
1.01087425394 2.03226508165 0.989757610381
1.0113231033 1.9801950051 0.989875440009
1.01290377323 2.17317872436 0.991317408626
1.01583592404 2.14214131911 0.994115301878
1.01730287772 2.10913601828 0.995403225929
1.01386307535 2.07518286818 0.991668604434
1.01185424708 2.040820193 0.989391637247
1.01135820451 2.00633423984 0.988659126521
1.01240960973 1.97187959773 0.989508616392
1.01501740446 2.1563393268 0.991950597013
1.01917511285 2.12100550321 0.995979206753
1.01551970373 2.08580915693 0.992011925175
1.01300305525 2.0507696881 0.989208344461
1.01204851884 2.01590173007 0.988003365579
1.01266123627 1.9812177171 0.988403596775
1.01483867838 2.16587597983 0.990407419372
1.01857093561 2.13044620548 0.994005269082
1.0171896962 2.09517437705 0.992363344188
1.01424509417 2.0600688656 0.989117607464
1.01286022828 2.02513845563 0.987469884211
1.01285656477 1.99862778769 0.987292527675
1.01397504549 1.96833220154 0.988240844007
1.0157215372 2.1634328879 0.989874450531
1.01883262474 2.1336303506 0.992876131404
1.01859703547 2.10127725167 0.992426800903
1.0154797905 2.06767170469 0.989009780454
1.01376439015 2.03349779945 0.987025898428
1.01354797328 1.9991181366 0.986578536782
1.01487120457 1.96472729714 0.987711762847
1.01774478604 2.14913878549 0.990437938021
1.02086185218 2.11382980912 0.993414799902
1.0170757023 2.07865283713 0.989296638111
1.01430242763 2.0261823801 0.986103517971
1.01440573339 1.99142134435 0.985981848589
1.01736513909 2.16815001695 0.98732016852
1.02219910104 2.10673788078 0.990486484305
1.26762240933 1.79414993056 0.984131183824
1.78896424812 1.47545375149 0.982554041948
100 1.15677350872 0.985777992651
100 1.0848854689 0.985119278901
100 1.0838083218 0.995411530117
100 1.07833810633 0.984188929953
100 1.0565528818 0.982278171079
100 1.03564958443 0.981362810175
100 1.00575052676 0.981052099364
100 0.971129080642 0.98192327074
100 0.934028577893 0.984243240729
100 0.895626668072 0.98811943848
100 0.856541578356 0.988881363549
100 0.81709786262 0.985994224093
100 1.6692516423 0.705468744237
100 1.83376838886 0.705845545623
100 1.81475668473 0.708061506903
100 1.79650864082 0.710962045977
100 1.77047762947 0.736940657444
100 1.79977766354 0.732696935718
100 1.92250721865 0.730479048516
100 1.87651791122 0.729133770001
100 1.84323402404 0.730432045603
100 1.80908863997 0.733767195223
100 1.77459042163 0.739201836414
100 1.74001142819 0.761142885671
100 1.70550035373 0.757620670348
100 1.87749592706 0.756163612808
100 1.84179971986 0.756795727067
100 1.80625301035 0.759516978799
100 1.75325759583 0.767466918896
100 1.7181672513 0.786941207369
100 1.6832859076 0.784034480365
100 1.64862806099 0.783146078919
100 1.82908764434 0.783829797419
100 1.79774041137 0.786062654364
100 1.76441786514 0.790140312199
100 1.73015401075 0.816955291205
2.45649956752 1.6954960009 0.812846995519
1.95078458234 1.66073642787 0.810596888527
1.19549525953 1.62603515465 0.810267706012
1.18939043724 1.59148317013 0.8118824975
1.18458266924 1.76349580285 0.815438393134
1.18180297302 1.73622141574 0.819440318662
1.17956613241 1.70502353015 0.842081989307
1.17831187282 1.67186695753 0.838888635318
1.17825058584 1.637787306 0.837316373145
1.17947562611 1.60333336657 0.837528369229
0.911261646155 1.56879952997 0.839590941656
0.90759510584 1.54254872504 0.842413292377
0.9046015682 1.71944240372 0.846987258062
0.90287210199 1.685964306 0.868163520905
0.902691970255 1.65151372376 0.865341448121
0.904187288257 1.61665279724 0.864217543236
0.907403050785 1.58168236299 0.864875989144
0.883112758483 1.54676705051 0.867346194862
0.878806420691 1.51200086409 0.871626396637
0.876280402926 1.68547526154 0.896293533555
0.875556880277 1.64949229842 0.892941870887
0.876643294406 1.61367669636 0.891357239811
0.879534198583 1.57804679279 0.891550745653
0.857693755938 1.54261909373 0.893521960481
0.852796424232 1.50740976291 0.897259467354
0.849740552259 1.47243546446 0.902741442389
0.848546187206 1.43771387409 0.920533732467
0.849221250686 1.61051065206 0.918583472422
0.851761326664 1.57456149301 0.918359050179
0.832454219847 1.53880393004 0.919861744459
0.824905842333 1.48555715625 0.92533309205
0.821840412007 1.63327050942 0.936618307154
0.821862632228 1.63290205389 0.936677461973
0.82186298553 1.85355782975 0.936677760198
0.833532002928 1.6935956408 0.936677760841
0.862086584537 1.68228783837 0.908196829025
0.887844304243 1.60685883421 0.880549658264
0.917845754456 1.54895702583 0.856239011637
0.924226388573 1.48481257285 0.826070375735
0.938662581903 1.47946788162 0.811528641339
0.960469307865 1.6257954179 0.797018541844
0.96651740899 1.35139172422 0.803020225183
1.02233111656 1.1566093362 0.802984498318
0.968353231544 1.336713654 0.802916720303
0.971020421232 1.31274668905 0.804439785446
0.974877182527 1.28357467643 0.807963774434
0.980213282284 1.2518175308 0.769980005212
1.00584717955 1.42228806561 0.765812686759
1.00469565366 1.38684920133 0.763500742183
1.00505150019 1.35117402114 0.76317731646
1.00695792879 1.31548500523 0.764897363179
1.01042434853 1.27990828194 0.768669547114
1.01544162337 1.2445204087 0.734583298189
1.04383466366 1.20937311431 0.729429388793
1.07963863037 1.14619480006 0.688487795286
1.11889015057 1.06542310041 0.652398519533
1.16243689506 0.98465137158 100
1.20981514143 0.903879989677 0.541054457281
1.26739351755 0.82310905909 0.500932448169
1.27084971451 0.967200473045 100
1.28967919965 1.85987242194 0.478659381924
1.28967760472 1.8184624815 100
1.35160845525 1.6493582242 100
1.25766595082 1.59317519183 0.651847417447
1.16367746396 1.49347666282 0.740266144859
0.983768512036 1.20866564491 0.836594825059
0.977251305917 1.14685229642 0.931797166116
0.870126421792 1.08115411048 1.03670491763
0.760843655957 0.955901724929 1.14452712415
0.66049230376 0.685098953712 1.25611654621
0.55779721484 0.786679341408 1.262619456
0.511236532497 1.60740266195 1.25974807181
2.27722651613 1.77745437149 1.25974805559
0.579591261505 1.77745436863 1.25974805526
0.579591261502 1.60772537691 1.32755490198
0.579591261502 1.60772537691 1.32755490198
0.688097728323 1.38701015153 1.21715719302
0.802532260438 1.25360326474 1.1045764564
0.910290240257 1.20718835728 1.10567611229
1.03054530234 1.13541798167 0.985120760086
1.1554124182 0.842231957785 0.748993284136
1.2871666243 0.701668931609 0.622057618094
1.27563000187 1.67112298131 0.493434889134
1.32848625819 1.85100832557 0.493438036419
1.32848630794 1.67745047606 0.493439966716
1.32848593641 1.67743844276 100
1.22144143645 1.45565363061 0.697235205405
1.10819154292 1.32611727736 0.796464405429
1.00250437152 1.18021857812 0.908679429396
0.796787229741 1.07394279705 1.11370214054
0.790468064911 1.00658801356 1.11351480727
0.670694085836 0.775887797125 1.23336915018
0.674047389304 0.875800164468 1.23868395585
0.676982623136 0.855048931714 1.24065382804
0.681556288269 0.826025084856 1.24469106417
0.571273817566 0.801760336138 1.33792667176
0.506874318515 1.58211571639 1.24312794651
2.2705368517 1.94718633425 1.26826876957
0.564608635441 1.7620083242 1.26826876943
0.640219090972 1.72018733748 1.19037892755
0.713893687075 1.43704840204 1.10642554525
0.796545139462 1.32842737617 1.02780044476
0.948477831125 1.22043419211 0.882528060215
0.951405150978 1.15453402231 0.869503314743
0.95150714553 1.3326510887 0.869093057656
0.951319678623 1.31261060192 0.868708912268
0.951223708824 1.28506665507 0.869752370668
0.952036864765 1.253722359 0.872524429554
0.954211118933 1.22051161599 0.814482576237
0.957937978977 1.18646228367 0.809936521859
0.963277463721 1.15212824448 0.80718234566
1.01423970118 1.30837639364 0.80632427689
1.01296782452 1.27182166834 0.807407217186
1.01324849104 1.23537142779 0.810440145734
1.01508887183 1.19908510985 0.754634534451
1.01848396577 1.16300430085 0.749285788979
1.02341960572 1.1271625267 0.746025465197
1.07578824853 1.0915905767 0.744883171201
1.07444908934 1.05631951322 0.745869604935
1.07458611475 1.02138250349 0.748976766941
1.07619892522 1.17794783977 0.754178611228
1.07928097258 1.14105618961 0.688640055208
1.08381974866 1.10436915069 0.684897188044
1.08979706125 1.06790796648 0.683460087986
1.13593250062 1.03169666484 0.684343303815
1.13594663809 0.995762550358 0.687537903105
1.1373572136 0.960136768187 0.69301192589
1.14015904562 0.924854962134 0.628161689053
1.14434191557 0.889958049499 0.623846106762
1.15317143653 1.02873557737 0.622118586397
1.19720651554 0.991762309032 0.624151242229
1.19777323987 0.955019695378 0.628707056983
1.1996635279 0.918535416643 100
1.2028711398 0.882341519564 0.56505795378
1.20738557659 0.846475253792 0.561437910336
1.21319224977 0.810980089841 0.560632781743
1.25865640378 0.775906959434 0.562654652114
1.25909139464 0.935622842862 0.56747330502
1.26078582245 0.898205266365 100
1.26373462124 0.861005139209 0.50464166661
1.27186094206 0.794791163293 0.499455699431
1.27191395104 0.794278559627 0.499483630561
1.27191407088 1.00399389861 0.499483980122
1.27107652669 1.00399388123 100
1.2710765267 1.22887492419 100
1.2710765267 1.22887492419 100
1.2710765267 1.46193824947 0.501611518474
1.23519397969 1.47946404868 0.537404559045
1.19750125941 1.66896611341 0.570414906138
1.14104446685 1.87602221924 0.609701779077
1.09556394338 1.83025606261 0.687719285978
1.05419160421 2.01922803706 0.715741817542
1.04612214569 1.49844620848 0.709939071643
1.04561159565 1.71802482593 0.709556890321
1.04296408742 1.69884851738 0.709361528697
1.03936216756 1.90184901446 0.710871810639
1.03603799914 1.87101834456 0.714465977765
1.03367503451 1.8383066695 0.743248106471
1.03260264732 1.80470699085 0.738119329491
1.03296863735 2.00140362878 0.734947598271
1.03483276854 1.96637216337 0.733854607858
1.03821183342 1.9313542307 0.734893222371
1.0431004573 1.8964360543 0.738073267183
1.2585730734 1.86166810174 0.743374887945
1.25645963903 1.82708246522 0.764856394301
1.25560551296 1.87812642727 0.761184158796
1.25601440575 1.83850929754 0.759584988954
1.2576855739 1.79889795563 0.760072959283
1.26061419586 1.75929482103 0.762644488859
1.26479161086 1.71970152856 0.767278802502
1.2702055212 1.68011933615 0.791502960939
1.51835223068 1.64054934321 0.787465050396
1.52427769352 1.60099261014 0.785429799856
1.77217656537 1.56145022676 0.785412799042
1.77846660652 1.52192335481 0.787414187795
2.0261654866 1.48241325782 0.791418657349
2.27416696171 1.4429213258 0.818196477299
2.28026398886 1.40344909851 0.813819293236
100 1.36399828996 0.811377076436
100 1.32457081572 0.810887310639
100 1.26547812875 0.813817376488
100 1.2261189922 0.818193482214
100 1.1671415517 0.840240906579
100 1.12786908442 0.837417390155
100 1.08863790773 0.836484035922
100 1.05875513703 0.837046820988
100 1.02448664805 0.839049508569
100 0.98794602173 0.842776722514
100 0.950246054918 0.848329038311
100 0.911974871058 0.864842047373
100 0.873446062267 0.862623463541
100 0.834830163514 0.862209524259
100 1.77883505127 0.728007983762
100 1.76563290494 0.726590241452
100 1.74221238863 0.725131910881
100 1.94310038119 0.724836996273
100 1.91087108567 0.726297348534
100 1.87728649751 0.729775134749
100 1.84308597968 0.735356568452
100 1.80866271881 0.75203343127
100 1.77422862115 0.748598121126
100 1.96881580628 0.747244320945
100 1.93358601816 0.74800101144
100 1.89850392819 0.750869393302
100 1.86359503352 0.7558284999
100 1.82887823743 0.775641012962
100 2.02351703523 0.771753535996
100 1.98819383989 0.769910134327
100 1.93553561987 0.771006070781
100 1.88330018755 0.776712059867
2.22904824642 1.85692138998 0.781350759431
1.97393853184 2.05552513693 0.796300257237
1.46922284134 2.0225803175 0.793426678161
1.46328702398 1.98869827653 0.79228665458
1.45826726108 1.95441769964 0.79304188443
1.45511884129 1.9282543898 0.794925972775
1.45224371182 2.10021706221 0.798503558591
1.45007833851 2.09463204593 0.803976341703
1.44883634729 2.06068368457 0.818145674
1.44861764327 2.0263015347 0.815544442343
1.19008465015 1.99178330525 0.814814618574
1.18488620662 1.95728962227 0.816003547462
1.18098778405 2.10270182114 0.819120844632
1.17841440662 2.0679956926 0.824151797375
1.17718031633 2.0814854082 0.841669155357
1.17729220793 2.04659391475 0.838565797509
1.17095440308 2.02010890117 0.837465232049
1.1656430996 2.1486441902 0.837558933743
1.16110169207 2.11573358191 0.839259694805
1.15764881398 2.08187984744 0.842743090135
1.15544122699 2.04762054302 0.84806227017
1.15455387378 2.01324154039 0.863119601658
1.1550201177 2.04879537647 0.860580951274
1.14558696193 2.15193405905 0.85986484413
1.14015796621 2.11653640177 0.860986572279
1.11146835316 2.04434272206 0.889692371312
1.08696367327 1.97217299693 0.929735898114
1.0657602976 1.91761796573 0.95008634586
1.02714401393 1.84556049026 0.973991452804
1.02114374363 1.99309294349 0.980296325866
1.01263020149 1.99130052324 0.988597443721
1.0054347819 1.94532879201 1.00137617252
1.00792924513 1.67418862707 1.00852399841
1.00792924513 2.10043791087 1.00112526987
0.997268045021 1.88164992696 1.01244816348
0.978461513234 1.81645143457 1.02248139316
0.975922470318 1.96747299333 1.02577000503
0.997088202017 1.5839348741 1.02566464105
0.97612116907 1.96657543917 1.02566464105
0.975093771885 1.96889394305 1.02643355213
0.978912959812 2.12808316605 1.03259339617
0.974504294144 2.09380125094 1.03095335271
0.971727051538 2.03160688601 1.02827763219
1.00378230951 1.61920365046 1.05782843171
0.971909981994 2.03045814664 1.02809090197
0.981462333081 2.04581004111 1.01911707239
0.995008624436 1.98065325 1.00691102828
1.01318302811 1.91527469294 0.999385831702
1.01167247531 2.0684347881 0.992662058178
1.01169908596 1.85187612721 0.992495822342
1.0113345602 2.2850976087 0.992180608147
1.00927598265 2.26593671567 0.992132542721
1.00652203088 2.46620699685 0.993530370079
1.00421194186 2.43551458051 0.996545667569
1.00297741234 2.40291747657 1.00119663083
1.00311668207 2.36939575014 1.01290946127
1.00475732147 100 1.01111137981
0.993878234108 2.46371590231 1.01083387002
0.988743823664 2.42421809786 1.01210693306
0.985171950263 2.38463129586 1.01493704116
0.983192730282 2.34500031731 1.01931611308
0.982821652998 2.30534882865 1.02522600764
0.984063095673 2.26568939795 1.03155686752
0.977241323558 2.23544991116 1.03089361585
0.971845157865 2.20073553799 1.03123513681
0.967438548364 2.16367539887 1.03289988342
0.963405301751 2.10597912493 1.03814848436
0.962649218696 2.06685661279 1.04352777372
0.963508895938 2.02749544713 1.05205775142
0.966000646441 1.9880131942 1.0510113834
0.97012020006 1.94847182428 1.05146583124
0.975849969179 1.90890414701 1.05342467331
1.19374921696 1.86932768991 1.05688179626
1.19176364793 1.80996619326 1.0648447754
1.19210296578 1.77040095977 1.07177336045
1.19377239731 1.73084621286 1.0710977685
1.1967664872 1.69130375691 1.07190345408
1.20107537076 1.65177503725 1.07418716201
1.20668497661 1.6122613604 1.0779395296
1.45601393984 1.57276401615 1.08314530453
1.46226864184 1.53328434882 1.09227648443
1.7113323626 1.4938238032 1.09124307175
1.96062653436 1.45438395853 1.09166364403
1.96688270924 1.41496655783 1.09353652539
2.2159797903 1.37557353685 1.09685427707
2.46525340291 1.33620705515 1.10160384466
2.47151040954 1.2968695313 1.1077668116
100 1.2575636837 1.11147987503
100 1.21829257875 1.11152919859
100 1.17905968825 1.113005552
100 1.13986895823 1.11590327135
100 1.10072489208 1.12021132649
100 1.06163265156 1.12591352856
100 1.02203118512 1.13180326548
100 0.982223348126 1.13149452386
100 0.922516902524 1.13365955323
100 0.882716704069 1.13684721504
100 0.852372014175 1.14020756772
100 0.817540394698 1.14504702828
100 1.97583702078 0.711023894555
100 1.79830273438 0.711023894555
100 1.79830273438 0.711023894555
100 1.76516110173 0.776872489102
100 1.48103273664 0.904566533297
100 1.38130587945 0.968041345806
1.1917439517 1.50486673118 0.971263462223
0.890322299762 1.4797816562 1.02346039565
0.88530454097 1.83630307204 1.02294521727
0.889117803717 1.61628731012 1.02287109883
0.889978723497 1.59659052053 1.02377220776
0.891399415379 1.568959134 1.02646328186
0.894029831445 1.53724607662 1.03091770665
0.858248304341 1.50349547554 1.06269500903
0.85337069104 1.46878150474 1.06133774445
0.850156226377 1.43367102551 1.06139928273
0.848725825324 1.39846747689 1.06292553518
0.849133515003 1.36333803097 1.06593003399
0.851395865239 1.32837980677 1.07040811659
0.818670101339 1.29365442744 1.07634400021
0.812885956946 1.45921356492 1.10327380438
0.809020869736 1.42297968244 1.10303110208
0.807104594101 1.38693632203 1.10422600255
0.807151986563 1.35110241426 1.10685433244
0.809163124652 1.31549700694 1.11090610688
0.81312361199 1.28014017916 1.11636589286
0.772429527411 1.24505363928 1.14523269173
0.767972256319 1.21026117332 1.14473902357
0.765565080669 1.37625482348 1.14563146874
0.765227369816 1.33991015559 1.14790680463
0.766961867123 1.30376974675 1.15155683809
0.770754586932 1.26785108595 1.15656855536
0.73219245768 1.23217357694 1.18722441641
0.727080984634 1.19675879333 1.18649834589
0.72463261662 1.1699467038 1.186843414
0.723386257899 1.13938802853 1.18819734543
0.723909868498 1.30897632118 1.19076901962
0.726457838532 1.27369060916 1.19464002978
0.731118702743 1.23800306106 1.1998293388
0.69039978976 1.21077972191 1.20465464407
0.685725118039 1.17948283073 1.22827438133
0.683235693774 1.15465032965 1.22850841026
0.68157444551 1.10884984006 1.23059690393
0.682801256378 1.07585062836 1.233461848
0.68620182276 1.04214468664 1.23759255318
0.691842785913 1.20978813781 1.24299956418
0.642612090655 1.14489311413 1.25555066991
0.642592648905 1.35878823978 1.25563911654
0.642592723373 1.35878527302 1.25563944385
0.641876841961 1.36136851483 1.25597718152
100 100 1.26101750066
0.642377602187 100 1.25744183291
0.638689366407 2.49825187282 1.25635177621
0.642375149955 2.17991332296 1.25901795527
0.898202771478 2.03449376122 1.2615447498
0.898228494694 2.10205187423 1.25607751867
0.897756526406 2.08025897332 1.25290421084
0.897313787504 2.04989100502 1.24976860287
0.897800714781 2.0150236461 1.24734246879
0.89971244554 1.97779454008 1.24592537239
0.903261194292 1.93932556628 1.24566493337
0.908515337142 1.90020568324 1.24663073771
1.16310638175 1.8607441004 1.24512853457
1.41779123173 1.82110315678 1.2406641046
1.92062040473 1.78136808242 1.23744856081
2.17526153997 1.74158362477 1.23550187082
2.42994713632 1.70177327817 1.23483471209
100 1.6619493795 1.23545123678
100 1.62211840833 1.23593928835
100 1.5822837696 1.23106321889
100 1.54244725442 1.22746116309
100 1.50260980706 1.22514458931
100 1.46277192769 1.22412090118
100 1.43239590563 1.22421127772
100 1.39752515786 1.22524395036
100 1.3411696903 1.22131513517
100 1.31178563405 1.21830350484
100 1.27743587602 1.21567433521
100 1.24047932884 1.21392532834
100 1.20215437936 1.21329863004
100 1.16311116379 1.21390490578
100 1.12369100128 1.21476568644
100 1.08407309088 1.2097923205
100 1.04435152451 1.20609275975
100 1.00457571754 1.20369121001
100 0.964771634445 1.20260114446
100 0.924952932596 1.20282867039
100 0.885126813359 1.20437413794
100 0.845297095031 1.20034884408
100 0.80546582762 1.19624641061
100 1.6092985822 0.693473306556
100 2.07191235978 0.721037222941
100 1.83815977995 0.721037222941
100 1.85384118729 0.750385443602
100 2.03815410925 0.771582188398
1.46453961519 2.18664440556 0.799472236608
1.16929211222 2.12829150483 0.831545998215
1.13210355801 2.05213060983 0.869363460399
1.12800096241 1.78729059123 0.888516226271
1.12802656319 2.41619305854 0.884314949153
1.12827861658 1.98237640646 0.887874609822
1.12863859022 1.96333372569 0.886931624037
1.12917427413 1.93657935203 0.887177763345
1.11328477807 1.90586396787 0.889012196789
1.10754410604 1.8731792395 0.892572054721
1.10286594564 1.83956950168 0.897894437062
1.09945683826 1.80558361431 0.92105967591
1.09777688299 1.98285466344 0.919420070428
1.09685341274 1.95175511704 0.918743931517
1.09707893654 1.91859031055 0.919470746089
1.08021516517 1.88443034103 0.921797914185
1.07423785438 1.8498404319 0.925798034286
1.06962163932 1.81512167639 0.931481663779
1.06706216253 1.78869932872 0.953311669503
1.06516568013 1.75840462936 0.951602896034
1.06439100292 1.93003982951 0.951179120258
1.06495501888 1.89547979913 0.952268232446
1.04653728968 1.86047864943 0.954964030644
1.04197210472 1.83374694179 0.958108568059
1.03775055592 1.80297361803 0.962895614131
1.0344999913 1.77018023206 0.985429939925
1.0325320042 1.73643171479 0.983806773739
1.03228459261 1.68517545497 0.984224822195
1.03400083472 1.85453091502 0.986479655275
1.00983805591 1.81885711053 0.990326376234
1.00495498721 1.7832897811 0.995752676863
1.00162540386 1.7478701858 1.01732157528
0.999869702056 1.71262570506 1.01603764061
0.999698365779 1.67757691802 1.01631365712
1.00111316372 1.64274134799 1.01814924103
0.979137541435 1.81289204166 1.02153634855
0.973723886955 1.77693462992 1.02645975829
0.969917660657 1.74114550256 1.29657974712
0.967737938306 1.70553563837 1.29629521322
0.967195765918 1.67011670572 1.29723475955
0.968293915828 1.6349012195 1.29939574351
0.948608989809 1.59990266931 1.30277209192
0.942645909186 1.56513563717 1.30735439022
0.93833797179 1.73500618563 1.3131300141
0.93570804084 1.69905981024 1.81942359766
0.934770280517 1.66329087993 100
0.93552977994 1.62771109504 100
0.93798241643 1.59233313582 100
0.911745928229 1.55717075901 100
0.905129222548 1.50486444352 100
0.902891253138 1.66671681114 100
0.902408373875 1.62761645282 100
0.903683398244 1.58855288206 100
0.906708910327 1.54952888112 100
0.878113439871 1.5105475168 100
0.873588810025 1.47126072298 100
0.870865177569 1.43146402542 100
0.86995945813 1.3916698423 100
0.870877323657 1.35187839566 100
0.873613026298 1.31208993446 100
0.847315340381 1.27230473879 100
0.842206937049 1.23252312488 100
0.838961451061 1.19274545112 100
0.837600537669 1.15297212532 100
0.838133377111 1.11320361352 100
0.83981038962 1.08288410839 100
0.843082017881 1.04808252516 100
0.813220899951 1.01093146604 100
0.808712033581 0.972550872409 100
0.805986383556 0.933529143603 100
0.805155743338 0.894175736899 100
0.806267555548 0.854653795585 100
0.809331506032 0.815049800435 100
0.703391597675 1.86279282948 100
0.704238133564 1.85798614288 100
0.733620192031 2.07211976876 100
0.730107177569 2.04529416337 100
0.727708522964 2.01466377793 100
0.727020924264 1.98213038574 100
0.728323844498 1.94869648455 100
0.731727778337 2.14805892937 100
0.737253130983 2.11328699702 100
0.76681947564 2.07852597553 100
0.763421108285 2.04386081969 100
0.76208200255 2.03808291888 100
0.763967010502 2.18746263283 100
0.766709885382 2.16030497326 100
0.771323031812 2.12922976137 100
0.802320940201 2.09618071648 100
0.798866777456 2.06218038265 100
0.797244755896 2.02776842108 100
0.797551754619 1.99323180696 100
0.79982281889 1.95872553999 100
0.804056678533 2.1258746517 100
0.838479693769 2.09024097058 100
0.834552238745 2.05473660219 100
0.832511886882 2.01938082588 100
0.832234379249 1.99253259223 100
0.83328173958 1.9618340487 100
0.835156819299 1.93748805651 100
0.838638306194 1.90823841778 100
0.843932274413 1.87652231906 100
0.870026287456 2.04487975716 100
0.8677981398 2.01002588483 100
0.867317302019 1.97493656351 100
0.868634271831 1.9398086865 2.38561029255
0.871761036197 1.9047500375 1.37933138886
0.876686205788 1.8698221028 1.37333925986
0.90584171275 1.83506251088 1.36847362203
0.903214972654 2.00306251422 1.36475066103
0.902388477518 1.97573377926 1.36268699985
0.902699361995 1.944466886 1.36114950623
0.904516181482 1.91121924402 1.36049276508
0.907994748386 1.87702120707 1.09270804409
0.913182106528 1.84241723061 1.08697119853
0.93985556076 1.80769759281 1.08258663008
0.937831238425 1.77301991599 1.07961747954
0.937481518659 1.73847284969 1.07809692474
0.938347259738 1.91424273304 1.07792101994
0.940548989932 1.88292618866 1.07877182555
0.944316142258 1.84961594193 1.05603181549
0.954800756642 1.99649473055 1.04767851922
0.954854740905 1.99613940977 1.04766420143
0.961563238554 1.99533159316 1.040636631
0.97595401563 2.11948291701 1.03725582388
0.980131541753 2.06283883861 1.02426510557
0.979544888268 2.00064204831 1.02048597319
0.972421729962 1.99967348038 1.02758550393
0.965714611696 1.93573674736 1.03930775772
0.970882007829 100 1.04486862555
0.970791375011 2.31255014447 1.0394689079
0.969832456194 2.06921184104 1.0364990292
0.968645205637 2.04281355706 1.03377973529
0.968183392392 2.01250582822 1.03202335069
0.968975119498 2.20170412553 1.03154758037
0.971256885679 2.16750264035 1.0325030139
0.975116903689 2.13286555443 1.03495384231
0.976769180569 2.09808346542 1.0353282928
0.973710453292 2.06331207472 1.03125350839
0.972257735146 2.02863711856 1.02868762683
0.972429005676 2.21572692074 1.02765283263
0.9742280446 2.18030253771 1.02815861783
0.977647769791 2.14501999503 1.03020481099
0.981781391746 2.10989288283 1.03293659505
0.978265084678 2.07493248487 1.02839787018
0.976362757716 2.04014914636 1.02538773886
0.976084077018 2.22727260641 1.02391992841
0.97743053152 2.19181032105 1.02400118123
0.98039546736 2.1565006544 1.02563117688
0.984964285205 2.12135136282 1.02880257378
0.982923086208 2.0863706228 1.0335011898
0.980585722574 2.05156709328 1.27193536455
0.979864006297 2.01308834212 1.27028844527
0.980761506322 1.97324831347 1.26988993456
0.983273789688 1.93340830342 1.27074100783
0.986267072564 1.90303073465 1.27222817106
0.989091424722 1.86815833276 1.27482603058
0.986589759794 1.84038866191 1.27757199279
0.984606163845 1.80688537247 1.28167820341
0.983834529581 1.77983446817 1.28562127346
0.983902352286 1.74670853996 1.53712839634
0.985257331566 1.71039337235 1.54297770341
0.988102272237 1.67240394187 1.79511211204
0.992510730837 1.63353558009 2.04742830793
0.990737903186 1.59420582051 2.29983923805
0.988374458823 1.55463386095 100
0.987592355805 1.51493477746 100
0.988408216503 1.47516898459 100
0.990823572672 1.43536820108 100
0.994828976294 1.39554908122 100
0.99556715418 1.35572037113 100
0.992744394887 1.31588666572 100
0.991515260306 1.27605038096 100
0.991885958488 1.23621278951 100
0.993854821258 1.19637456434 100
0.996424373819 1.16599822156 100
1.00050381491 1.13112703007 100
0.998413752538 1.09389620988 100
0.996127526055 1.05542671291 100
0.995323355424 1.01630702337 100
0.996069459243 0.976846093085 100
0.997693574683 0.946668067803 100
1.00069033691 0.91190147237 100
1.00514712345 0.874726113079 100
1.00169657151 0.836286359593 100
0.725808684861 1.6651024858 100
0.726203271922 1.88832509446 100
0.730426264237 1.85621472711 100
0.75252234617 1.82722481535 100
0.748220122556 1.79555639237 100
0.745598766095 1.99232655517 100
0.74491817055 1.95779188326 100
0.746293205283 1.92300683905 100
0.749759642604 1.88818287728 100
0.755307566432 1.85343601128 100
0.772309639758 1.81883262392 100
0.768990462176 2.01339576337 100
0.767722982439 1.97813728835 100
0.768519856422 1.94304639854 100
0.771375756006 1.9081370541 100
0.776268388252 1.87342187258 100
0.796118855861 2.06810725035 100
0.792394888953 2.03280468257 100
0.790663327083 1.99767244401 100
0.790937309465 1.96271986881 100
0.793214780974 1.92795682673 100
0.797478586328 2.09706120359 100
0.819983577858 2.08745806327 2.20672617362
0.815884452673 2.05229519361 1.70153049481
0.813717618028 2.0173062431 1.44563318578
0.813498515753 1.98250042411 1.43983783776
0.815228716772 1.94788755555 1.43512551424
0.818895865651 2.09447843031 1.43150691102
0.82447411703 2.05975717701 1.42899033708
0.839454137226 2.07190038729 1.42758162054
0.836876536267 2.0370543113 1.42728404176
0.836191352596 2.00239453454 1.168960198
0.837403231503 2.12731206741 1.16359304525
0.840503967205 2.09218832295 1.15957067839
0.845472778053 2.05723646622 1.15690712427
0.86407034928 2.03070703798 1.15579522148
0.860994111888 2.00038714398 1.15550253048
0.859261169757 2.1762607836 1.15635138169
0.859997999616 2.11501069588 1.14098958547
0.85999910033 1.75536454599 1.14095393235
0.857074544873 100 1.14585105564
0.849680890603 100 1.15053591879
0.852954321967 2.23326927854 1.15467834795
0.861963832391 2.23098965841 1.14513971888
0.875642537525 2.16640652716 1.1341830708
0.88280322701 2.10175927363 1.11810458435
0.885708526127 2.10649570766 1.11605946345
1.15353796859 1.8347763118 1.11601181946
0.886719802158 2.03408670661 1.11566057244
0.889555157495 2.07796329297 1.11543589022
0.893717596707 2.04759799974 1.11649996933
1.14496363991 2.01273888799 1.11667614575
1.14299386729 1.97552082852 1.11232036422
1.14219434316 1.93706441448 1.10915108404
1.14269702426 1.89795807624 1.10730301025
1.14455502331 1.8585108231 1.10684185154
1.14778381032 1.81888493175 1.10779621496
1.1523800488 1.77916562962 1.11017406273
1.15679367618 1.74885589831 1.10746898288
1.41022308672 1.71402791957 1.10381615732
1.66252868056 1.68628630956 1.1016866799
1.91574162799 1.65280719836 1.10004418413
2.16943302493 1.61631655493 1.09941411396
2.42338509626 1.57824548337 1.10004875489
100 1.53934531597 1.10205770595
100 1.50001052695 1.10022849706
100 1.46044825541 1.09610282034
100 1.42076730124 1.09338976639
100 1.38102484616 1.09211376368
100 1.34125098207 1.09228606395
100 1.30146158879 1.09390867135
100 1.26166509602 1.0943331665
100 1.2218660349 1.08974823071
100 1.18206690462 1.08660513086
100 1.14226915497 1.08491670429
100 1.10247370531 1.08468988164
100 1.06268122096 1.08592563884
100 1.02289226322 1.08850150757
100 0.983107374129 1.08349224009
100 0.943327128782 1.07993049023
100 0.912998635752 1.07819643319
100 0.878186756718 1.07725901785
100 0.841024851697 1.07750378207
100 0.802633380394 1.07910695307
100 1.81082637527 0.710274829866
100 1.80601218815 0.709535157057
100 2.0199003111 0.70730955645
100 1.9930152911 0.705544465345
100 1.94617658861 0.705755329259
100 1.9130337911 0.70838486963
100 2.10397381995 0.7131684014
100 2.06884515226 0.745631635019
100 2.03364981494 0.741287680352
100 1.99850310258 0.739035919464
100 1.96346984438 0.738914754977
100 1.93686446647 0.740260273396
100 1.90643839328 0.743332827782
100 2.07747748959 0.748394797865
100 2.04290899704 0.777453168957
100 2.00789899687 0.773940151473
100 1.97273859955 0.772390087827
100 1.93758463223 0.772861178991
100 1.90252394269 0.775369763084
100 1.86760709759 0.779904374984
100 1.83286604946 0.812035170135
100 2.00152117564 0.808127699087
100 1.96572404813 0.806170887963
2.34543895682 1.93008169667 0.806179920042
1.33930840587 1.89460468412 0.808155153851
1.33303579544 1.85930343248 0.812082417958
1.04339232507 1.79844784089 0.878512156325
1.00500675706 1.71996863386 0.907136032157
0.970929253317 1.65912081611 0.940716559543
0.941236696695 1.58063632256 0.978729627699
0.87454070494 1.50215866782 1.02137941053
0.836619130904 1.42430953527 1.0748208261
0.83130990462 2.12124351522 1.07122459847
0.830675412723 1.565355223 1.07090894946
0.827608733197 1.54623567577 1.07083712216
0.8236153406 1.51940033985 1.07214337681
0.820122578435 1.48862640923 1.07497073416
0.817918130208 1.45592241279 1.07932577294
0.817381212806 1.4223449738 1.08518569384
0.818678166446 100 1.09278314737
0.821868806269 100 1.09258370177
0.80373540004 100 1.09381924586
0.79860659893 100 1.096496123
0.795429300628 100 1.10060825328
0.794234593156 100 1.10614116954
0.795034798778 100 1.11619809551
0.797825355573 100 1.11562926391
0.782542480026 100 1.11648230983
0.776744867197 100 1.11875424691
0.772959596755 100 1.12243656553
0.771216469574 100 1.12751548572
0.771529402878 100 1.1396737939
0.773895935058 100 1.13877041531
0.778297346847 100 1.13926041484
0.755075979776 100 1.14114200339
0.750656937622 100 1.14440831936
0.748335813116 100 1.14904755489
0.748132134959 100 1.15504316736
0.750047628893 100 1.16199534252
0.754066145909 100 1.162136766
0.733629392889 100 1.16364303045
0.728540076603 100 1.16650884887
0.725605783476 2.46654397398 1.17072423714
0.724852685415 2.42691739945 1.1762746861
0.727822228164 2.3674910099 1.18503488596
0.732508867038 2.32788293339 1.18551090472
0.709252248322 2.28828293134 1.18732433743
0.704554502038 2.24869143035 1.19046907229
0.702089662163 2.20910888749 1.1949345985
0.701881253401 2.16953579307 1.20070617975
0.703931279899 2.12997267372 1.20825640547
0.708220130009 2.09042009581 1.20839746624
0.93887021928 2.06026913396 1.20938723054
0.934091934238 2.02566521811 1.21146196711
0.931203857052 1.99811602509 1.21382838044
0.928813296093 1.96488699693 1.21752062937
0.927580077426 1.92868340328 1.22257792939
0.927824619485 1.89092573119 1.23151412595
0.929688100265 1.85236003347 1.23138346735
0.933220929413 1.81337838634 1.23250193287
0.938427532781 1.77418711822 1.23489196072
1.18717158607 1.7348951184 1.23855635991
1.19316426472 1.69556019368 1.24348739453
1.44159987601 1.65621340552 1.24967097135
1.69034703915 1.61687185089 1.25442887473
1.69628627014 1.57754537893 1.25520236208
1.94480699247 1.53824012636 1.25723819949
1.95112698703 1.49896038488 1.26053050084
2.19945555864 1.45970959516 1.26506953928
2.4480198992 1.42049088471 1.2708419797
2.45423347553 1.38102659381 1.27756551651
100 1.34118637154 1.278016628
100 1.30134606158 1.2797085168
100 1.26150571271 1.28263627799
100 1.22166535126 1.28679147779
100 1.18182499186 1.29216227561
100 1.14198464313 1.3007786613
100 1.10214431067 1.30091907086
100 1.06230399866 1.30227888124
100 1.02246371074 1.30485428027
100 0.982623450472 1.3086380912
100 0.942783221731 1.31361987177
100 0.902943028866 1.31978605618
100 0.863102876946 1.32390190915
100 0.823262771966 1.32494097295
100 1.94354755572 0.711217291752
100 1.9387314623 0.711467039565
100 2.15392334769 0.713176886801
100 2.12708712726 0.716878574455
100 2.09643927934 0.754306783737
100 2.06388049671 0.749907299524
100 2.03041237227 0.747297196306
100 2.04888552224 0.746636322941
100 2.01889751627 0.747350255919
100 2.17610938371 0.749884857307
100 2.14255710781 0.754421644595
100 2.10856167163 0.790562898193
100 2.08256176858 0.786549699317
100 2.04755350246 0.784495540904
100 2.01262775177 0.784442833885
100 1.9778369372 0.786403738521
1.46004562533 1.94321346771 0.790368148779
1.45403449884 2.10868512903 0.796308025515
1.4490924501 2.07301027268 0.824699610995
1.44523138657 2.03748589391 0.822321141025
1.44246043029 2.00212194206 0.821868941024
1.4407860751 1.96692808622 0.823346430845
1.44021223827 1.93191415449 0.826743367935
1.16799030465 1.89709038794 0.832036283685
1.16284048757 1.86246759942 0.862846049441
1.15903803059 2.02789648392 0.860196674862
1.15659623316 1.99219791354 0.859388079956
1.15550233855 1.93895261075 0.861634770396
1.15648939209 1.90367062214 0.865424984446
1.12910248418 1.86857191041 0.871022894302
1.12419289238 1.8336670023 0.899349811411
1.12067901334 1.79896717997 0.897332570656
1.11894588062 1.97353660394 0.896981231046
1.11797114232 1.94216323081 0.897845829991
1.11813068001 1.90880099254 0.900260316698
1.09165023507 2.05462794228 0.908437813582
1.09160162179 2.054136115 0.908497037004
1.08131270196 2.0515793256 0.918729863911
1.07080433643 2.13907001462 0.934770505146
1.06307254451 2.10096667108 0.952068993524
1.04445517441 2.08757380248 0.95896465069
1.02976334058 2.02185450115 0.970336842039
1.0196099229 1.95699005854 0.986435193862
1.02381875622 1.66903833395 0.992464754567
1.02371080861 1.87216754126 0.985252448856
1.02266730196 2.06966690202 0.9826531607
1.02084489173 2.02781449869 0.979809254548
1.02067777593 1.996113739 0.979435995044
1.02182073867 1.96311402851 0.980542114491
1.02442525391 2.14868900845 0.983212790615
1.02810968036 2.1137605422 0.987022646484
1.02413266264 2.07877161725 0.982855940144
1.02166716537 2.04383598141 0.980264867475
1.02074012836 2.00901777046 0.979277442622
1.02136277504 1.97435537797 0.97990545093
1.02353526786 2.15937403481 0.982148777321
1.02724898017 2.1239473623 0.985997609309
1.02517490771 2.08867476261 0.983815767219
1.02139282976 2.03607734729 0.979842727883
1.02080684101 2.00949342566 0.979215935188
1.02124835343 1.9791099605 0.979657901162
1.02447399882 2.14951892868 0.982990569888
1.02841630936 2.11500468798 0.987078349721
1.02440278513 2.08022741001 0.982875486478
1.02187647224 2.04539742886 0.980221413065
1.02087784571 2.01062927301 0.979159473654
1.02142447926 1.97598763231 0.979708528407
1.02351951101 2.16107318983 0.981871743788
1.02715574788 2.12564665021 0.985640878296
1.02548807523 2.09036954364 0.983882041497
1.02250386994 2.05525425946 0.980750379274
1.0210661507 2.02031169434 0.979230456518
1.02118173869 1.98555225453 0.979330079844
1.02285023251 2.17085653293 0.981048886766
1.02606410831 2.13536912386 0.984378449714
1.02664350887 2.10003767102 0.98496158799
1.02323540332 2.06487027835 0.981387886424
1.02137114578 2.02987552435 0.979423079101
1.02105919893 1.99506252062 0.979076858871
1.02230098657 1.96044096371 0.980350943492
1.02509086335 2.14508414243 0.983239035412
1.02791335143 2.10970828161 0.986160553899
1.02408330592 2.07449430768 0.982146860133
1.02179348657 2.03945060735 0.979738140507
1.0210542559 2.00458611126 0.978946242465
1.02285818971 2.17257783196 0.980796316507
1.0251104165 2.14549841755 0.983129028115
1.02862186973 2.11452267916 0.986771722945
1.02479950767 2.08158700042 0.982767139597
1.02226044632 2.04771016262 0.980099027754
1.02118275573 2.00625175689 0.978818868613
1.02348807622 2.16626795866 0.981056813056
1.02767005865 2.10514824072 0.985252676628
1.02242328365 2.04451152735 0.979611615536
1.27150974612 1.74643861961 0.978502591074
2.04701326481 1.42847700289 0.98104365073
100 1.3565077515 0.985016053696
100 1.35107380272 0.98517623248
100 1.32937954374 0.975318182284
100 1.2991045917 0.971615484747
100 1.27376567155 0.969437707065
100 1.24158502222 0.967712212257
100 1.2058162307 0.967087857996
100 1.16816774701 0.967879051966
100 1.12953668777 0.970223242512
100 1.09039435941 0.965064644678
100 1.05098865141 0.960437758474
100 1.0114502769 0.957414869259
100 0.971848549564 0.956029906943
100 0.932220680529 0.956298359496
100 0.89258718347 0.958222454721
100 0.862373041346 0.957137218967
100 0.827694469557 0.952177949093
100 0.800089121776 0.949126591441
100 1.70510318725 0.701844772997
100 1.87160563999 0.701956245156
100 1.852362444 0.703123809045
100 1.81053804381 0.708358651062
100 1.77871604755 0.73853379774
100 1.75381383571 0.73489646222
100 1.72433874532 0.731997811197
100 1.89750408233 0.730621907208
100 1.86320387626 0.731147780643
100 1.83680526276 0.732918822742
100 1.80614189146 0.736474443353
100 1.77333849145 0.769586271739
100 1.7395140583 0.764640857628
100 1.705260445 0.761558231142
100 1.670893865 0.760470877696
100 1.84183622783 0.761436284874
100 1.78828817133 0.766753856222
100 1.75275757374 0.79805314432
100 1.71739597971 0.793523216005
100 1.68222407796 0.790973860092
100 1.64725927369 0.790425809216
100 1.61251779029 0.79188390566
100 1.78349829893 0.795337404424
100 1.74762174234 0.800760602442
100 1.7119200979 0.824151933876
100 1.67640475259 0.821251679595
1.93811838033 1.64108791275 0.820278456034
1.18231869188 1.60598273247 0.821239128704
1.17625103697 1.57110343042 0.824126940846
1.17150760038 1.53646540561 0.82892175377
1.16810451665 1.70697840697 0.854825563985
1.16641776716 1.67963524622 0.852199494594
1.16536745249 1.63193644069 0.850199362427
1.16610428546 1.5981766233 0.850809016195
0.897896191155 1.56381742605 0.853182923202
0.892705806726 1.52926032731 0.85737323243
0.889208984556 1.49472346114 0.885507866222
0.887461375727 1.66630073941 0.882005000829
0.887489313394 1.63038903612 0.880278747791
0.88929957921 1.59462814829 0.880348008199
0.865503475435 1.7428187933 0.88468301388
0.865457300205 1.7423044619 0.884712893996
0.865457221646 1.75194619765 0.884712880513
0.876877892982 1.749213806 0.873401622293
0.893081670621 1.68306286048 0.860045813198
0.911043073479 1.63432350905 0.850545741276
0.923819013025 1.56828203226 0.833649020234
0.923339590204 1.7205970889 0.826752809165
0.920986436212 1.72417647711 0.829171854717
0.918626520451 1.90516973367 0.832869346596
0.932004447908 1.41104197488 0.835881536118
0.928413464575 1.61516915292 0.836298971462
0.928880610467 1.81468540646 0.836122634768
0.925418802931 1.7878137411 0.83270557433
0.921140438428 1.73390022726 0.829455436468
0.921145298044 1.51874454646 0.829432240267
0.921145487535 1.51874204906 0.829431906121
0.957513516813 1.29849762283 0.823316114063
1.02639950287 1.21853507302 0.746936253557
1.06131591257 1.15561032034 0.706833795733
1.09967554215 1.07527566196 0.671491248309
1.10623315023 1.01286748216 0.680234921655
1.15653036922 0.988069780704 0.630338169642
1.24139335723 0.90070573539 0.53024050424
1.30325691108 0.82873711131 0.519721956381
1.24951148775 0.823727879385 0.519440661332
1.25154800845 0.804284391836 0.519800194509
1.25632194522 0.962417832177 100
1.25633777076 0.962144679763 100
1.25633776746 1.18341791127 0.501441821258
1.25633776672 1.18341789871 0.501441819126
1.25633776671 1.41429715019 0.501441819118
1.26634358602 1.41429715019 0.501441819118
1.26634358602 1.65075586785 0.501441819118
1.26634358602 1.82405512941 0.501441819118
1.32433665344 1.82405512941 0.501441819118
1.24355471488 1.60281478343 0.582803471074
1.09782683133 1.52833134381 0.741916165443
1.0063355654 1.41941447612 0.816922516918
0.920184106362 1.31142653405 0.90047491254
0.920852901363 1.24549598035 0.983538100659
0.827703903531 1.01929911795 1.07625064012
0.755815963063 1.15119545677 1.01225815473
0.833822203799 1.151195457 1.0726904839
0.753307500659 1.13723178143 1.07253604984
0.749602180443 1.11231132133 1.07271713449
0.746362595284 1.08174585705 1.07382939972
0.744484325702 1.04833351131 1.07620525851
0.744409807751 1.01355376919 1.07998794022
0.74633635545 0.97819572357 1.08522052078
0.750332633096 0.942688558456 1.15592336718
0.668873460674 0.907275407041 1.15552912025
0.664066293294 0.872104958015 1.15649456757
0.66160806391 0.837279978609 1.15882502879
0.661536330219 0.981640874904 1.16251575308
0.663856802568 0.944226660265 1.16755506941
0.668546615754 0.907008118372 1.23876124473
0.586528043107 0.870016056339 1.23847987452
0.581224355793 0.833283640971 1.23947944526
2.29362700206 1.83440935469 1.24481689543
2.293627189 1.75179141062 1.24481685438
0.588088453988 1.75179139849 1.24481685321
0.588088453979 1.58211011605 1.31676433493
0.588088453979 1.58211011605 1.31676433493
0.588088453979 1.43609600482 1.31676433493
0.711385940639 1.35530588774 1.19270465469
0.953684594962 1.21499608937 1.0639958635
1.07391533986 0.944735028994 0.942901915562
1.20559570955 0.880154377966 0.945128127899
1.20570921715 0.875142450847 0.945170294529
1.08705019192 0.855682598896 0.817021916508
1.20520195971 0.82908971732 0.813139478469
1.20552957497 0.939351066029 0.810335425986
1.20689094912 0.903914995398 0.809092233712
1.20946460941 0.867468132759 0.809642161911
1.21331518048 0.830595921375 0.812084724307
1.1583205753 1.77231138439 0.618200857919
1.15832056865 1.83047034409 0.618200850376
1.20182667206 1.64417228079 0.61820085035
1.13131017902 1.60572471849 0.688768726769
1.00355893577 1.50443288499 0.764649297545
0.925461193568 1.4216414429 0.904965708535
0.84930790209 1.13643637711 0.971121367681
0.849835039256 1.07453306088 0.973269241013
0.801115156061 1.25347617259 0.973631726538
0.849665368082 1.25347617286 0.973631726535
0.801115156119 1.25347617287 0.973631726535
0.801115156119 1.45466723741 0.973631726535
0.801115156119 1.45466723741 0.950318095835
0.801115156119 1.66910485807 0.950318095835
0.801115156119 1.89229101432 0.950318095835
0.809311979593 1.89883719113 0.941862630956
0.825678569788 1.84225688306 0.935779859934
0.835986564959 1.80352600781 0.925727575199
0.832486139048 1.74105130041 0.918504407267
0.827178678694 1.74095345796 0.924011839178
0.820215380441 1.67810053117 0.931236427152
0.820874923363 1.6605870969 0.932647162655
0.820874923363 1.6605870969 0.932647162655
0.820874923363 1.6605870969 0.932647162655
0.820874923363 1.6605870969 0.932647162655
0.820874923363 1.6605870969 0.932647162655
0.820874923363 1.6605870969 0.932647162655
0.820874923363 1.6605870969 0.932647162655
0.820874923363 1.6605870969 0.932647162655
0.820874923363 1.6605870969 0.932647162655
0.820874923363 1.6605870969 0.932647162655
0.821652333732 1.64793365774 0.933931273078
0.821652333732 1.64793365774 0.933931273078
0.821652333732 1.64793365774 0.933931273078
0.821652333732 1.64793365774 0.933931273078
0.821652333732 1.64793365774 0.933931273078
0.821652333732 1.64793365774 0.933931273078
0.821652333732 1.64793365774 0.933931273078
0.821652333732 1.64793365774 0.933931273078
0.821652333732 1.64793365774 0.933931273078
0.82237228343 1.63878532358 0.934998508619
0.82237228343 1.63878532358 0.934998508619
0.82237228343 1.63878532358 0.934998508619
0.82237228343 1.63878532358 0.934998508619
0.82237228343 1.63878532358 0.934998508619
0.82237228343 1.63878532358 0.934998508619
0.822975873354 1.6321677817 0.935843274821
0.822975873354 1.6321677817 0.935843274821
0.822975873354 1.6321677817 0.935843274821
0.822975873354 1.6321677817 0.935843274821
0.822975873354 1.6321677817 0.935843274821
0.822975873354 1.6321677817 0.935843274821
0.822975873354 1.6321677817 0.935843274821
0.823456076966 1.62737908797 0.936492726075
0.823456076966 1.62737908797 0.936492726075
0.823456076966 1.62737908797 0.936492726075
0.823456076966 1.62737908797 0.936492726075
0.823456076966 1.62737908797 0.936492726075
0.823456076966 1.62737908797 0.936492726075
0.823456076966 1.62737908797 0.936492726075
0.823456076966 1.62737908797 0.936492726075
0.8238264407 1.62391283409 0.936982827212
0.8238264407 1.62391283409 0.936982827212
0.8238264407 1.62391283409 0.936982827212
0.8238264407 1.62391283409 0.936982827212
0.8238264407 1.62391283409 0.936982827212
0.8238264407 1.62391283409 0.936982827212
0.8238264407 1.62391283409 0.936982827212
0.8238264407 1.62391283409 0.936982827212
0.82410652483 1.62140329306 0.937348145734
0.82410652483 1.62140329306 0.937348145734
0.82410652483 1.62140329306 0.937348145734
0.82410652483 1.62140329306 0.937348145734
0.82410652483 1.62140329306 0.937348145734
0.82410652483 1.62140329306 0.937348145734
0.82410652483 1.62140329306 0.937348145734
0.82410652483 1.62140329306 0.937348145734
0.82431559944 1.61958612658 0.937618175486
0.82431559944 1.61958612658 0.937618175486
0.82431559944 1.61958612658 0.937618175486
0.82431559944 1.61958612658 0.937618175486
0.82431559944 1.61958612658 0.937618175486
0.82431559944 1.61958612658 0.937618175486
0.82431559944 1.61958612658 0.937618175486
0.82431559944 1.61958612658 0.937618175486
0.824470294369 1.61827016341 0.937816612611
0.824470294369 1.61827016341 0.937816612611
0.824470294369 1.61827016341 0.937816612611
0.824470294369 1.61827016341 0.937816612611
0.824470294369 1.61827016341 0.937816612611
0.824470294369 1.61827016341 0.937816612611
0.824470294369 1.61827016341 0.937816612611
0.824470294369 1.61827016341 0.937816612611
0.824470294369 1.61827016341 0.937816612611
0.824470294369 1.61827016341 0.937816612611
0.824584055257 1.61731708595 0.937961843315
0.824584055257 1.61731708595 0.937961843315
0.824584055257 1.61731708595 0.937961843315
0.824584055257 1.61731708595 0.937961843315
0.824584055257 1.61731708595 0.937961843315
0.824584055257 1.61731708595 0.937961843315
0.824584055257 1.61731708595 0.937961843315
0.824584055257 1.61731708595 0.937961843315
0.824584055257 1.61731708595 0.937961843315
0.824584055257 1.61731708595 0.937961843315
0.824584055257 1.61731708595 0.937961843315
0.824667355282 1.61662678502 0.938067826217
0.824667355282 1.61662678502 0.938067826217
0.824667355282 1.61662678502 0.938067826217
0.824667355282 1.61662678502 0.938067826217
0.824667355282 1.61662678502 0.938067826217
0.824667355282 1.61662678502 0.938067826217
0.824667355282 1.61662678502 0.938067826217
0.824667355282 1.61662678502 0.938067826217
0.824667355282 1.61662678502 0.938067826217
0.824667355282 1.61662678502 0.938067826217
0.824728165567 1.61612678793 0.938145008243
0.824728165567 1.61612678793 0.938145008243
0.824728165567 1.61612678793 0.938145008243
0.824728165567 1.61612678793 0.938145008243
0.824728165567 1.61612678793 0.938145008243
0.824728165567 1.61612678793 0.938145008243
0.824728165567 1.61612678793 0.938145008243
0.824728165567 1.61612678793 0.938145008243
0.824772461936 1.6157646199 0.938201132962
0.824772461936 1.6157646199 0.938201132962
0.824772461936 1.6157646199 0.938201132962
0.824772461936 1.6157646199 0.938201132962
0.824772461936 1.6157646199 0.938201132962
0.824772461936 1.6157646199 0.938201132962
0.824772461936 1.6157646199 0.938201132962
0.824772461936 1.6157646199 0.938201132962
0.824772461936 1.6157646199 0.938201132962
0.824772461936 1.6157646199 0.938201132962
0.824772461936 1.6157646199 0.938201132962
0.824772461936 1.6157646199 0.938201132962
0.82480467898 1.61550228104 0.938241902021
0.82480467898 1.61550228104 0.938241902021
0.82480467898 1.61550228104 0.938241902021
0.82480467898 1.61550228104 0.938241902021
0.82480467898 1.61550228104 0.938241902021
0.82480467898 1.61550228104 0.938241902021
0.82480467898 1.61550228104 0.938241902021
0.82480467898 1.61550228104 0.938241902021
0.82480467898 1.61550228104 0.938241902021
0.82480467898 1.61550228104 0.938241902021
0.824828084565 1.61531225097 0.938271494058
0.824828084565 1.61531225097 0.938271494058
0.824828084565 1.61531225097 0.938271494058
0.824828084565 1.61531225097 0.938271494058
0.824828084565 1.61531225097 0.938271494058
0.824828084565 1.61531225097 0.938271494058
0.824828084565 1.61531225097 0.938271494058
0.824828084565 1.61531225097 0.938271494058
0.824828084565 1.61531225097 0.938271494058
0.824845075021 1.61517459748 0.938292961454
0.824845075021 1.61517459748 0.938292961454
0.824845075021 1.61517459748 0.938292961454
0.824845075021 1.61517459748 0.938292961454
0.824845075021 1.61517459748 0.938292961454
0.824845075021 1.61517459748 0.938292961454
0.824845075021 1.61517459748 0.938292961454
0.824845075021 1.61517459748 0.938292961454
0.824845075021 1.61517459748 0.938292961454
0.824857401509 1.61507488355 0.938308528662
0.824857401509 1.61507488355 0.938308528662
0.824857401509 1.61507488355 0.938308528662
0.824857401509 1.61507488355 0.938308528662
0.82486634058 1.61500265194 0.938319814064
0.82486634058 1.61500265194 0.938319814064
0.82486634058 1.61500265194 0.938319814064
0.82486634058 1.61500265194 0.938319814064
0.82486634058 1.61500265194 0.938319814064
0.82486634058 1.61500265194 0.938319814064
0.82486634058 1.61500265194 0.938319814064
0.82486634058 1.61500265194 0.938319814064
