100 2.01556443707 1.0
100 2.21469976683 1.0002860248
100 2.17656380261 1.00222574583
100 2.12983195526 1.00711784666
100 2.09210193057 1.0038323194
100 2.04590451694 1.00060742603
100 2.18857541558 1.0014164118
100 2.10649169231 1.00539321122
100 2.18793719588 1.00145481733
1.77337092773 2.04773438552 1.0006826851
1.2565009722 2.12733919077 1.00745687696
1.25040190913 2.20775952858 1.000502341
1.00173539609 2.06694466449 1.00173539609
1.00502975235 2.14671663744 1.00502975235
1.00004787765 2.00707404534 1.00004787765
1.0032631896 2.08614923517 1.0032631896
1.00307722716 2.1661304868 1.00307722716
1.00007352683 2.02610237382 1.00007352683
1.00526637733 2.10540621632 1.00526637733
1.00160040359 2.18559148438 1.00160040359
1.00057916389 2.045188417 1.00057916389
1.00774215586 2.12471464583 1.00774215586
1.00060137699 2.20509847539 1.00060137699
1.00156406163 2.06433059234 1.00156406163
1.00802112478 1.87853786349 1.00859798474
1.00535747129 2.03562266051 0.99531268512
1.00861758266 2.10536422879 1.00226023865
1.00239791163 1.9709102642 1.00032848357
0.999581919099 2.04890355431 1.00193498335
0.995657393796 1.66567253072 1.02211094719
0.996664235202 2.02589850833 1.00343509474
1.00548506034 2.09218003132 1.00234557183
1.0079209529 1.95390015443 0.996705459384
1.00996245299 2.03096692151 0.99057429751
1.01260565602 1.66675694163 1.00423984211
1.01184911019 2.03007002863 0.988688847071
1.02057071487 2.12506462784 0.993225666572
1.01588906094 1.98757949115 0.984654175586
1.01974579681 2.06658611057 0.984885115862
1.26749246153 1.70205034111 0.996378689249
1.2641862156 1.96307307057 0.989986221148
1.26675291399 1.79161585955 0.992878108304
1.53439697126 1.63493158107 0.987862767963
100 1.47610503343 0.99149342727
100 1.28498623817 0.994721129664
100 1.12564151598 0.989170303815
100 1.05396178626 1.00237263586
1.73971930861 1.02268883886 1.06406612697
1.53003361742 1.0462914577 1.17515155807
1.51463218912 1.10522587409 1.2557345634
1.51462121168 1.20459293124 1.11427197639
1.50005849253 1.11485167848 0.999850791322
1.70580194589 1.2034426975 0.91369876884
1.91515570592 1.28034954119 0.913619292041
1.43458776303 1.35976755261 0.849878330965
1.41622874351 1.22196513132 0.798753260102
1.41436838027 1.27405352242 0.79077237794
1.23239216025 1.12898591251 0.731653500298
0.903749538955 1.22588604669 1.07223624162
0.906615313702 1.1635402758 1.1382365738
0.80795517266 1.07351210299 1.15372869923
0.807952043368 1.22104052174 1.15967888621
0.745468037183 1.15354672451 1.1659998462
0.7444323873 1.30077296421 1.17283471956
0.723720833272 1.62659681494 1.17339384821
0.728250516709 1.71820267396 1.17033250106
0.736946706466 1.57879220406 1.16936423579
0.73434545766 1.66190947313 1.16077517464
0.742981625918 2.3797377359 1.15928203103
0.746720171677 2.23969849158 1.15507706696
0.746981353759 2.31585659425 1.14819996432
0.758193525789 2.39303378744 1.1484812617
0.757294494549 2.25226923145 1.1412029525
0.76026041852 2.32889630453 1.13605230851
0.773939494719 2.18901701634 1.13814366394
0.768564253195 2.26505217586 1.12773095187
0.77414604041 2.30732429109 1.12434776406
100 1.25659172411 1.14029246701
100 1.16444932922 1.14006969931
100 1.09282659062 1.14056308686
1.98311873694 1.07634620088 1.18540685062
1.36709219698 1.09889330606 1.40568618752
1.36608355169 1.1633793535 1.30260466017
1.36599058919 1.1348542289 1.29785092814
1.41511927351 1.22826107081 1.15880535171
1.41453809855 1.31529665025 1.0503314985
1.31320110944 1.18538821267 0.954232087429
1.29937432167 1.25020834624 0.941594571709
1.43850878923 1.33601794372 0.866920156344
1.2605069918 1.202074076 0.809747700082
1.25908315879 1.27553728662 0.804035000275
1.27474593273 1.13492119487 0.742523692511
1.28755237854 1.2691659584 0.740996602476
1.29717312199 1.3667613884 0.709688486363
1.29776100554 1.45113081431 0.702669692944
1.30501700523 1.53140059616 100
1.03544044983 1.71525158801 0.98012706682
1.02839276413 1.44208652183 1.03428862584
0.972710995914 1.49709304161 1.04304243159
0.96035191983 1.35641078582 1.34686935758
0.897273937329 1.40177821379 100
0.897177497696 1.25741267484 100
0.827022329766 1.3042993791 100
0.764989859893 1.1583690113 100
0.761003780624 1.29008205179 100
0.728945633872 1.41002433333 100
0.724940782028 1.31025105061 100
0.724083652959 1.1534299349 100
0.719924955309 1.07016592819 100
0.779654446501 1.05075135943 2.24161918674
0.903335889596 1.07853960255 1.80293852779
1.07181640141 1.16581507918 1.75826843443
1.14314224635 1.29742122784 2.3384909346
1.06114719823 1.56101433833 100
0.998873739834 1.43141740652 100
0.945360078211 1.47990082872 2.24604834717
0.937403855949 1.33795242069 1.99188463615
0.877175377884 1.38556158541 1.50671755954
0.8254884274 1.24205636667 1.49097513783
0.814945988196 1.29109783345 1.32531236243
0.755601067007 1.14635428601 1.3092310279
0.754551073136 1.28960055386 1.30702431837
0.727693966208 1.62341231589 1.28980475583
0.726376117343 1.49030718076 1.27658742966
0.730777838312 1.57126328704 1.28112766757
0.722039772941 1.4313554821 1.27817340506
0.724689375102 1.50977220915 1.28167717914
0.721806053628 1.61232269733 1.28173344509
0.71933383945 1.47527611054 1.28228361793
0.726950604938 1.55538945944 1.28855432444
0.71805625899 1.60728000889 1.28595419083
0.71482389812 1.46569897293 1.28615062102
0.724567114086 1.54489589497 1.29272178168
0.712684899181 1.40479563733 1.28895511894
0.712234382985 1.48304281296 1.29069791767
0.967789464751 2.3507343502 1.16829731687
0.964188503636 2.28594984972 1.10006494397
0.967640405249 2.14859573613 1.04872549537
1.02464381619 1.99723441921 1.0369107012
1.03741042512 1.84372507099 1.04881558178
1.0887007121 1.69059347839 1.21819288526
1.14701446016 1.53858531979 1.23028379898
1.1574843885 1.38366132851 1.71576149993
1.2090986021 1.25206975686 1.96567991815
1.22481412797 1.10108454958 2.21967113654
1.27026389633 1.03215362461 2.00986833763
1.41722440229 1.0337852266 1.41120476919
1.41605477598 1.00991541017 1.41282910164
1.46988361282 0.981199681657 1.59823121964
1.3715271644 0.950437171415 1.80024519942
1.39828223589 0.920187407023 1.61296093149
1.21186314618 0.891315396548 1.61711903204
1.04893187173 0.945076495538 1.45190403366
1.04573592762 0.916564696761 1.4542647106
0.912152151464 1.01340160177 1.45398856123
0.830490518215 1.17199073473 1.55200394396
0.830327309337 1.3613098643 2.02322441814
0.815745279225 1.95157288148 100
0.833292537973 1.82787584872 100
0.831951828985 1.9166330827 2.18020131933
0.84353595366 2.00339851023 1.41090644498
0.854724277578 2.09010016828 1.4030037531
0.859089851166 1.94987504854 1.14091033061
0.873052293082 2.1613248471 1.13541691988
0.880047967695 2.23465309777 1.12460877016
0.886909412895 2.09371624991 1.11363267604
0.903009828761 2.16654819247 1.11009238733
0.906074431046 2.02631190754 1.09597360859
0.915438988532 2.12119421335 1.08967774574
0.925241418145 1.98568469895 1.08162950739
0.930697108141 2.05871857321 1.06938810417
0.945151069922 2.13252357574 1.06492254915
0.950799542507 1.99122620646 1.05265735899
0.958695109787 2.06435298146 1.04234103829
2.16173536485 1.47561167463 1.13282176255
1.68340527989 1.40900233219 1.13959063508
1.94157168821 1.26879361497 1.16943210113
2.43909678838 1.11410249848 1.20953660927
2.21781327265 1.04360839529 1.21156106862
1.55987093054 1.01765520406 1.26657170345
1.36525513652 1.02027685218 1.39237549181
1.3633749057 1.08108083671 1.22465312554
1.36381830609 1.05041407508 1.22020082732
1.41005437986 1.15759942421 1.07362418037
1.40954702475 1.29605998906 0.964897475892
1.39423704622 1.39137725269 0.894182694227
1.38068202231 1.25715186637 0.892559298948
1.22742868028 1.1175729936 0.820512565767
1.3965080627 1.19323595208 0.763335768657
1.39647417412 1.82500289326 0.763276249305
100 1.75051448278 0.775298747189
100 1.62612099371 0.825357688792
1.3253334151 1.67800560832 0.836188567194
1.03064382523 1.53762306579 0.881485516141
1.0237899109 1.58733599677 0.935605644094
0.969454704922 1.44568173706 0.943370462879
0.922969611315 1.49612287475 0.990807754717
0.913598522121 1.3537059005 1.04584133588
0.860281616865 1.40509300525 1.0513258776
0.864134201917 1.26185334622 1.10034648054
0.803456405657 1.31431811723 1.11629692295
0.759293171928 2.15194032162 1.14215146969
0.75278808262 100 1.14233491249
0.75433485768 100 1.15800789502
0.732667791745 100 1.16378693558
0.722549401554 100 1.17595632349
0.716134991432 100 1.19077518434
0.699251032479 100 1.19597538571
0.701946026496 2.36124500315 1.21195858113
0.678125586642 2.20372820715 1.21955492029
0.915976503205 2.04552945775 1.23080012636
0.910697830453 1.88733070583 1.24712799735
1.17427918722 1.72930599184 1.25343961518
1.92951886439 1.57154342539 1.26639082809
2.44160529731 1.41303410068 1.27970320701
100 1.2536837856 1.28780645192
100 1.09433696329 1.30234535445
100 1.02265679223 1.30519918304
1.8786119853 0.991335641853 1.39947151063
1.31986460452 1.01374908356 1.34118083594
1.32345796208 1.08919091296 1.17654590985
1.32213491313 1.20069975403 1.04188812862
1.30526160375 1.28221906333 0.9414461744
1.2886431201 1.11862261182 0.851530860937
1.28814936983 1.23516969969 0.847875120508
1.27343037447 1.31784393947 0.788287236135
1.26601936101 1.38896103444 0.749781204784
1.27701651406 1.24684847399 0.723252750919
1.30420782187 1.31108160972 0.714479160425
1.3376571266 1.16742304887 0.679278579104
1.33811958999 1.52164808476 0.677355610939
1.3259868643 1.644692918 0.674013200324
1.31582442851 1.74151204091 0.695180550938
1.29830664827 1.83302394937 0.728931792014
1.28237997457 1.92362643232 0.718917744146
1.26722918691 1.98581442895 0.742293323094
1.25020664076 1.84555592739 0.774042843589
1.23367567436 1.93531981164 0.767095578785
1.22530158268 2.02533897801 0.790699552599
1.02943426298 2.09699675331 0.981777232352
1.03663975051 1.64140118843 0.985689191632
0.997339652805 1.71674522569 1.0188301483
0.966743999173 1.57808542204 1.03326327806
0.953923255544 1.63784487007 1.06333423107
0.916659986188 1.49577011689 1.10118350923
0.91561440421 1.55511582584 1.11235755977
0.871477669756 1.41270841227 1.14460339852
0.83619092591 1.47226046777 1.18385542757
0.835012664195 1.30155890583 1.19646584132
0.788829128312 1.36055941134 1.2280841756
0.752245896787 1.21844947204 1.26628126066
0.751342213795 1.27769623052 1.27623056623
0.70637094103 1.13534256237 1.30952824961
0.709355903012 100 1.31486207554
0.692824756298 100 1.31055987237
0.702612191237 2.42171467268 1.2995113178
0.722728836412 2.35530148515 1.28923175394
0.728666240889 2.19647013506 1.27444166928
0.739286719193 2.03749180782 1.26221881154
1.00821542596 1.87853204131 1.25589893737
1.93516995048 0.874038677442 1.09028889939
100 0.874038677442 1.0310644363
100 0.874038677442 1.03075596504
1.50752709095 0.874038677442 1.08941353358
1.49501696786 0.886689684366 1.16293055915
1.49705319655 0.949882590078 1.0059031764
1.69826976294 1.06628863771 0.887352591081
100 1.23416780975 0.827170266879
100 1.57916523321 0.830596548108
100 1.67019118133 0.811678313284
100 1.53272202492 0.806329449765
1.99157989338 1.60818892093 0.804941890689
1.23110741681 1.68474661373 0.792030553255
1.21685608167 1.54282234794 0.789477993596
0.985186676295 1.61856056004 0.783585107846
0.97699238993 1.47768331851 0.773108685071
0.988321340989 1.55264254224 0.773267839962
0.991295394945 1.62923411437 0.762765877718
0.996323103023 1.4870609643 0.754841764625
1.00955802824 1.56294060285 0.758697062501
1.00907635905 1.42186368541 0.742511777569
1.01612547757 1.49694941556 0.73727929998
1.02640401327 1.57371321547 0.736584086878
1.02737981641 1.4313023802 0.722870212629
1.03637246922 1.50733885913 0.720472824373
1.04316936086 1.36604911391 0.714980174356
1.02317292556 1.36795035936 0.737135141011
1.01977701558 1.75085989766 0.739594071266
1.00667310899 1.85503819977 0.746360243493
0.994233026908 1.83575853445 0.75800248483
0.987516742059 1.80749807482 0.780999560051
0.968717089748 1.76615836292 0.781896072121
0.958421844818 1.8365554663 0.796918985827
0.947904615406 1.69595910234 0.822022833536
0.931103151413 1.765809645 0.818897011583
1.40227129964 0.546562411165 0.501718123134
1.32490003422 0.713957398174 0.501718123134
1.29203537242 0.919641160191 0.464782347482
1.30703890779 1.83013083934 100
1.36373423844 1.6028023583 0.541053736337
1.25586950985 1.44890273726 0.656333391028
1.2440742212 1.33377061016 0.662378305397
1.13355679976 1.34175300057 0.771362856574
1.12852468207 1.19919123077 0.887040412285
1.01392938248 1.097465076 0.890207145501
0.692523382959 0.981737553623 1.13344579551
0.692523382959 0.981737553623 1.13344579551
0.642762501245 1.18210135828 1.10731403599
2.40493199255 1.85808351714 1.10731403599
0.687091612567 1.42937254517 1.13306299531
0.772307195162 1.4735355627 1.05673228232
0.783275492249 1.3326307198 1.04156099735
0.863123207781 1.1927981623 0.957216203733
0.952427246531 1.25754862147 0.952011298139
0.96185742995 1.15166111917 0.950672807029
1.0628053708 1.07271978329 0.844383890831
1.39905590069 0.589446700734 100
1.39905590069 0.589446700734 0.632342613341
1.39905590069 0.589446700734 0.632342613341
1.31332681987 0.761562532206 0.507333478197
1.27173002573 0.968249744597 100
1.27173002573 0.968249744597 100
1.31332681987 0.761562532206 0.507333478197
1.31332681987 0.761562532206 0.507333478197
1.27173002573 0.761562532206 0.507333478197
1.27858014254 1.42392686709 0.489813572243
1.33313056504 1.67254822596 100
1.42744430238 1.4388904873 0.589656179139
1.29774747143 1.33078324081 0.721822103298
1.17021160995 1.32810215574 0.861585473433
1.15551458575 1.20528871312 0.860079664538
1.02398702674 1.06523597626 0.9949076317
1.01695298027 0.953479586837 1.13474934299
1.01314411018 0.921894662023 1.13743770093
2.2835581549 0.945834514302 1.22691488466
0.565082673537 0.750521021235 1.3390154534
0.565082673537 0.750521021235 1.3390154534
0.565082673537 0.945834514302 1.25961948989
0.525013859874 1.39005222157 1.22691488466
0.582279185516 1.90710345063 1.24327598162
0.580911817562 1.77984506479 1.18687863182
0.642982129713 1.64144983886 1.17716505082
0.715657837289 1.68544488001 1.11405882822
0.71112496484 1.54278530131 1.05766074823
0.774881841188 1.58761511753 1.04535342627
1.14211596629 0.940530947337 0.87349409865
1.04501699233 1.08993390866 0.77506238033
1.00841658463 1.26365566961 0.775804017423
1.01798148462 1.38549719518 0.738675804333
1.02225975777 1.47078765481 0.72865607947
1.03397096424 1.52072810089 0.725458136711
1.03930370707 1.37927076155 0.716372528938
1.04412489187 1.45443640091 0.706425741311
1.05680658151 1.31383319894 0.712604137906
1.05877273318 1.38807668756 0.69384987052
1.06555683195 1.46421702636 0.686754531929
1.07775219815 1.32205584819 0.688158875831
1.07876257433 1.39741620142 0.671962743271
1.08742266202 1.2564439496 0.667896457883
1.100794566 1.30263854098 0.668054775907
1.0374969038 1.35431763042 0.73027229207
1.02912776268 1.48988579446 0.72419496769
1.02922403939 1.58295992236 0.73088578974
1.27177145212 1.6679120128 0.728228860106
1.27827717154 1.52821930319 0.7372873603
1.79342788814 1.61002997989 0.73798714006
100 1.52326305382 0.738601769696
100 1.36392037359 0.750273175556
100 1.20457841798 0.746303445764
100 1.04524180242 0.749626979618
100 0.973587597998 0.750778576037
2.25631786717 0.946799449493 0.779814791204
1.63465139497 0.966271468011 0.875398919203
1.6465270839 1.05351719605 1.06422950502
1.85253581563 1.18954785202 0.969015640176
100 1.75596641901 0.932911315389
100 1.95724281272 0.951792446344
100 1.84961543676 0.955382682892
100 1.71636747342 0.981739501903
100 1.78103276578 0.993574593592
100 1.6413893927 1.01453348079
100 1.7044905334 1.04360321252
1.19808050495 1.7702892231 1.05194162686
1.18967933913 1.6276478557 1.07507323954
0.911605297175 1.69328083631 1.10572515241
0.88942481492 1.55081169341 1.11100377889
0.880374319615 1.6162734646 1.13601804606
0.851159868974 1.47399715944 1.15097756788
0.854965876628 1.53927011259 1.17060619837
0.818378110039 1.39720838632 1.19730198112
0.79130428027 1.4622715298 1.20912105926
0.990843475645 1.40071728682 1.07238571808
0.998178833741 1.52053099691 1.01752739051
1.05375460651 1.58535641405 1.00783996779
1.06647857002 1.44434793726 0.950250738642
1.12048615978 1.46586390195 0.895698129171
1.17594427622 1.34408076591 0.885610339145
1.0067221979 1.47219397499 1.01034938131
0.998043461197 1.41135935781 1.06375304139
0.990195840431 1.28304371648 1.14593639399
0.904749744647 1.14440597536 1.15809912154
0.902602560753 1.23895282649 1.23383776982
0.99077994256 1.37866713917 1.14539320833
0.993071465446 1.48577036368 1.07194614867
1.07809902959 1.35987773537 1.05940247609
1.08070915626 1.39544137403 0.980893378231
1.16004093196 1.25169326153 0.977477600263
1.02172238553 2.14433463548 0.987106573031
1.0217357999 2.20959561197 0.997322456543
0.98456001561 2.06563080878 1.03282679025
0.984115442587 1.91148166759 1.04425084014
1.18839189186 1.75568803366 1.07553636597
1.19193660904 1.60007429371 1.1143719486
1.45138035307 1.44517148323 1.12272733879
1.95083847659 1.28655706451 1.15598871641
2.45029725296 1.12785778191 1.19610180961
2.22855762387 1.05659805858 1.19662511597
1.36688884033 1.02606862263 1.35161532929
1.36811678812 1.0363821512 1.2298169231
1.39174373824 1.10692072339 1.09620434916
1.38986382771 1.21383708273 1.00208926463
1.59807639156 1.31349984565 1.00044829623
1.35224200294 1.36757119066 0.927964354994
0.949293654073 1.98003265268 0.945815165726
0.944306343573 1.70797539679 0.969294705426
0.945147023546 1.58139430725 0.975041652318
0.904788518448 1.44430726973 1.00640196305
0.873412649552 1.5044043875 1.04606419854
0.868308781443 1.36414318949 1.04811564277
0.829731737188 1.4235988023 1.08180841374
0.800761216237 1.28324465744 1.09425626781
0.791919167741 1.34264342583 1.12225648948
0.755111242444 1.40603291673 1.15749192257
0.760875590313 1.2616841716 1.16692967235
0.715738887211 1.32528376491 1.19680669784
0.68413340907 1.20361402693 1.21100232143
0.680335869961 1.06701397313 1.23727769972
0.650778095499 100 1.24457478971
0.6702020589 2.25731299204 1.2444570092
0.668554393179 2.33446107028 1.22664044645
0.686688570457 2.16690833754 1.21103597268
100 1.76323152006 1.171655795
100 1.73887195896 1.14948561692
100 1.61881880974 1.14743598375
100 1.46778973656 1.12828325767
100 1.31070047089 1.11690287584
100 1.15257432866 1.10740586284
100 1.08138088228 1.10060181296
2.25508500417 1.04976648244 1.13971432889
1.60858840844 1.04273140776 1.22800960274
1.41741116817 1.15197738889 1.25301282515
1.45485132306 1.2628010754 1.12200291799
1.45385725717 1.23677313324 1.0300620914
1.66689495671 1.33410412157 1.0275980869
1.42011327484 1.35860416694 0.954074677231
1.41871090412 1.21920350093 0.887829470626
1.2536859918 1.25849548639 0.882367444395
1.25269186372 1.11526186195 0.808950648109
1.25828805158 1.23831414395 0.809934026017
1.25490832542 1.54119031263 0.764312529526
1.2611378147 1.40665029282 0.741955682022
1.16518975085 2.07967760236 0.835569136565
1.1556505761 1.81868345114 0.862544198838
1.14396583217 1.69373456185 0.919912226794
1.09340554327 1.74661869885 0.922175133395
1.08789425553 1.60471294574 0.974174626362
1.03147072583 1.65536900738 0.98815985483
0.982306836273 1.51206461841 1.03390625993
0.974582671841 1.56359149091 1.33182864274
0.91898736396 1.41943365929 1.34772488708
0.871677696682 1.27888837973 100
0.861306051887 1.32699933035 100
0.806762236461 1.1856046241 100
0.805085292061 1.3150221662 100
0.778277613596 1.45606211284 100
0.780102237043 1.3082577968 100
0.785887247849 1.15128447623 100
0.784986032995 1.08003211903 100
0.841045899371 1.04917038399 1.9601325496
0.957514958534 1.06295930495 1.71026971427
1.11789485858 1.13605391547 1.710533876
1.07929268149 1.4130508645 100
1.02509212932 1.704381557 100
1.02387766834 1.57287332653 100
0.970830782461 1.43510402659 2.43832566104
0.925752086028 1.48670454495 1.94568583299
0.921207303844 1.34614774213 1.45308654035
0.869304540279 1.397923496 1.4373517412
0.826157820192 1.25670613706 1.25807293121
0.81882451489 1.30915983976 1.2428164169
0.768036223898 1.16729866887 1.24789032297
0.746021558492 1.50139240525 1.25710177974
0.746488606485 1.61758271429 1.25782876171
0.749300511327 1.70819306775 1.25204359074
0.76452667281 1.79391958469 1.25221339828
0.759760071691 1.65350041788 1.24126356544
0.766836040238 1.73702331662 1.23693765734
0.776293990701 1.82121095577 1.2341309713
0.775321061719 1.68070023473 1.22476030672
0.842379381652 100 1.18508399286
0.833766214074 2.0431895876 1.18205535349
0.837408024852 2.14379428502 1.16330508569
0.851982213046 2.00610250582 1.152667039
0.876332619368 2.09459959637 1.14185591598
0.874258046885 2.00420146042 1.15309249519
0.891463192434 1.84497421226 1.37242829653
0.901774438916 1.68564140207 1.38752985156
0.912062746247 1.52631050674 2.14186402012
0.931365251753 1.36698611294 100
0.937783628763 1.2076716074 100
0.950420529169 1.04837166872 100
0.981724254539 0.976744284105 100
1.0607175398 0.945688124674 1.86436497547
1.18664556814 0.980393564046 1.66558965541
1.04187612087 1.0577139087 1.67169479285
1.04144427105 1.19659286216 1.67156362524
0.95054623988 1.36836455486 100
0.916635918761 1.71087248328 100
0.911434283852 1.80140361503 100
0.910425670025 1.88108827923 100
0.899880301283 1.74116824433 2.40083470902
0.898525967606 1.81709110735 1.63904820846
0.893202728848 1.89423785741 1.37105031171
0.884893438522 1.75268674287 1.3652629406
0.885873424642 1.82915241952 1.12500152889
0.876538723485 1.68863750044 1.12660015302
0.870468589559 1.76438122425 1.13078486698
0.873617616647 2.40996460805 1.14202349964
0.860385569252 2.49264106533 1.1407560414
0.856637653174 100 1.14670840749
0.855812528392 2.43658781575 1.15480659486
0.844772144766 100 1.15535892655
100 1.64002117212 1.11759003063
2.43164974721 1.78550060878 1.07662166912
100 1.64010233659 1.05276176639
100 1.48410489378 1.04612008341
100 1.29449933885 1.01533570558
100 1.13636950391 0.990947865927
100 1.0652582689 0.985952985146
2.1924669402 1.03361397998 0.99358250402
1.53368679025 1.0581763702 1.17086942009
1.51555627829 1.03354306041 1.32019094228
1.51662692901 1.09037449694 1.11537707529
1.92762155561 1.35643787619 1.01409043967
100 1.53839796806 0.968800320201
100 1.86881099217 0.967200669819
100 1.94796687196 0.959398384206
100 2.03171676211 0.956536970556
2.22775358964 1.8969060144 0.958370079573
1.2185925323 1.97442525738 0.949141128794
1.2014878978 1.83469119563 0.948551072826
0.966489346845 1.91140156561 0.946677823672
0.955531253376 1.98928854685 0.939504469731
0.963463151432 1.84877757754 0.94106325743
0.963908336508 1.92597443647 0.935465624847
0.965364823597 2.00430485511 0.930384879059
0.975295192471 1.86306042794 0.934129337449
0.821479585372 1.62350484396 1.08366472738
0.823936451897 1.35457804146 1.09064240493
0.788340832379 1.43328807753 1.12562785104
0.790009556632 1.29320603757 1.13304969836
0.74690778672 1.35620138679 1.16455360279
0.714211319425 1.21267304414 1.18127574784
0.711868788786 100 1.2076404355
0.67034875487 100 1.24085134384
0.636041848273 100 1.25967102169
0.637390925436 100 1.28564384643
0.593288588586 2.4129827201 1.31807099699
0.562172107839 2.25481283544 1.33285930839
0.559162814955 2.09682356339 1.36063515836
0.765627936463 1.93905905755 1.39443913436
0.770338370817 1.78157903136 1.40661686361
1.27109451471 1.62446622177 1.43599541645
1.77193993927 1.46783855068 1.47102570885
2.27281562269 1.31186979561 1.48085610096
100 1.15682650167 1.51167204651
2.31912621108 1.08764067733 1.55109290632
1.67443105581 1.02708055615 1.62182208046
1.48444886236 1.05298583605 1.34675648874
1.31562549791 1.02618373162 1.34427267678
1.48805735808 0.996400357288 1.34037206067
1.67699849806 0.97263184816 1.33551635926
1.33862674367 0.9441293767 1.16274875494
1.22003698798 1.01390467745 1.01885547881
1.22281064513 1.12721777486 0.91474848549
1.40133685232 1.47032114441 0.863778307788
1.40115391155 1.61463186784 0.863813426195
1.18125508488 1.48935415452 0.841428719177
1.17495980647 1.56110338131 0.845910635191
1.18965442247 1.42146477231 0.817678295116
1.20077121259 1.48973808278 0.799282604829
1.21882399739 1.56040563638 0.799647964595
1.23040707075 1.4177579527 0.773420109162
1.24340926843 1.48794899505 0.757612147355
1.26304656018 1.34586962493 0.753786522474
1.2717295955 1.4155547653 0.729705372775
1.28646589354 1.2741209094 0.716798662947
1.30354155896 1.34323956298 0.708278534435
1.1657102538 2.04354534889 0.85552991669
1.15441248981 1.76139786644 0.861445166986
1.14776484985 1.6543259272 0.913790365965
1.09053275152 1.70818071318 0.926543906009
1.08799017299 1.56635419168 0.977707308386
1.02497658206 1.61487870388 1.03689694934
0.96892329711 1.47072076044 1.04687283997
0.964761002982 1.32997920103 1.10005906005
0.902158825402 1.37507132556 1.16002204952
0.847554139728 1.23327549749 1.16805308821
0.841553290472 1.27977789614 1.22260441199
0.779462211283 1.13680780681 1.24008579823
0.780082763573 1.26608194544 1.25395126858
0.746562732719 1.57714921165 1.26559636749
0.73707855432 1.66441854585 1.26298456488
0.737091863627 1.49600291251 1.26591328898
0.741316759725 100 1.27078107898
0.73230510923 100 1.26795480377
0.734465693184 100 1.2716069393
0.733937007031 100 1.2737008666
0.727589151792 100 1.27245526915
0.732493070676 2.3471800282 1.27765747338
0.727181275272 2.18785097092 1.27701261257
100 1.47209444669 1.17987075374
100 1.4075058245 1.13815226775
100 1.26846288287 1.11322770187
100 1.11306909223 1.09969751658
100 1.0300726445 1.08058060321
2.05723926262 1.01080713471 1.11165666758
1.38668695928 1.01306727678 1.19353082227
1.35975463806 1.06164976944 1.29784145255
1.35879214456 1.1587416458 1.1476738357
1.7678349884 1.28362925573 1.03174581481
1.9819310695 1.39488227409 0.955320749613
1.5066630601 1.26805622333 0.896976708329
1.25633937759 1.31275673586 0.883804524021
1.24578112175 1.16975836835 0.818203199044
1.24706164467 1.29539304099 0.815007478066
1.23823156668 1.62583254771 0.778039300207
1.2325034691 1.49408557265 0.76855468689
0.996598252366 1.57141697481 0.771476499494
0.996038836578 1.4310488454 0.755310207028
1.00446822503 1.52837821377 0.753421124001
1.01013885693 1.39260469377 0.745879166922
1.01444849287 1.46773129324 0.73602062436
1.02696750592 1.54395361443 0.742182523812
1.02879045652 1.40218040379 0.723945014009
1.03524718592 1.4774708872 0.716895722554
1.04399259015 1.35905942472 0.71581948707
1.04651276789 1.43848782076 0.703513780049
1.04403902659 1.45501325015 0.706542945878
1.03816065888 1.78745351772 0.741881406874
1.03571515165 1.86850352911 0.733731998235
1.00272540681 1.72932740801 0.768377659554
0.974182281296 1.76571809961 0.776667055724
0.970662596825 1.62397393728 0.799771985486
0.936557696105 1.68771085988 0.833007148444
0.910994328175 1.54601419025 0.839006599759
0.904120280734 1.60959430531 0.864763130776
0.871675862149 1.46804921182 0.899728355987
1.21806532001 0.763639951579 0.687364142549
1.15021016649 1.12958751236 0.619006592197
1.134585268 1.57237633584 100
1.12369885831 1.59035529558 0.646101807889
1.10746086514 1.64790067948 0.718800865849
1.04491756231 1.50739476717 0.726389610587
1.03438010731 1.36756910818 0.786169992906
0.965560688639 1.40574343624 0.858375576149
0.791846229131 1.3286702713 0.979842388174
0.791444612538 1.07620743509 1.02892033467
0.732363159538 1.17632750284 1.03628332986
0.729020834032 1.341880928 1.03898802625
0.710084180477 1.25253465902 1.04115287202
0.706049286669 1.33241017843 1.06196876079
0.683785996555 1.40658451434 1.06672495112
2.42110005955 1.26338633528 1.08227828124
0.66242995664 1.33499881302 1.09689907456
1.28930106629 0.8137813716 1.01648707959
1.15227948427 0.915928927141 0.864153313949
1.06282699413 0.894107291485 0.757536023739
1.06532199149 1.22521700584 0.757329329738
1.06147017945 1.36746229813 0.706933015114
1.06400371706 1.23925296168 0.687203895332
1.08823617877 1.3104914136 0.680425225447
1.09882575566 1.16776225814 0.652344226096
1.11047132417 1.3162927863 0.652282164945
1.09543616634 1.87245916218 0.654990803325
1.08434903768 1.75342720462 0.684017165028
0.748746195989 1.01258295125 1.15615163121
0.748746195989 1.01258295125 1.15615163121
0.699497468043 1.20581925468 1.05087340378
0.703186816745 1.5541216117 1.06111522101
0.692715023204 1.39672733335 1.05888550574
0.69192387777 1.47689948613 1.06182230187
0.695230236805 1.55705797156 1.06741609741
0.68557635586 1.41488757923 1.06460337712
0.892039112486 1.19064471672 1.01853125003
0.892349936058 1.17598214099 0.927974089589
0.990710186161 1.1493599917 0.924454122283
0.902039687227 1.12472391379 0.919703140162
0.904817969654 1.27664244847 0.919365535622
0.906457863025 1.38233471937 0.862851741199
0.943900089979 1.45414540355 0.828474842647
0.946751742205 1.31544809143 0.830844332476
0.977920256884 1.37694239821 0.789869996144
0.991918093165 1.2361773393 0.758739493883
1.01687057642 1.29717057642 0.757497670716
1.04987855142 1.15641885487 0.718071617226
1.05260795286 1.28105600458 0.721969471273
1.04950695679 1.62372913008 0.701985854561
1.04519358208 1.71866078309 0.710051389648
1.04050930008 1.57981649698 0.719139781799
1.02997171848 1.66456162573 0.720028989361
1.04746521307 1.30486956062 0.723433162238
1.04924121515 1.43714192866 0.700785193741
1.31014404692 1.30836601254 0.708581211444
1.31299112693 1.3852079414 0.689522875885
1.58221938679 1.46208656761 0.682690945776
100 1.31999322948 0.684506960332
100 1.39563070537 0.668553650323
100 1.25465673582 0.664793021572
100 1.16078432506 0.661484621315
100 1.08961351531 0.658023236009
2.29688928862 1.06247798691 0.65764471533
1.64515730461 1.05090877293 0.722825822348
1.6246528458 1.19903050407 1.03340513244
2.02368451596 1.33892760085 1.12214230714
2.44682114217 1.61124575605 1.04711478135
2.1958057605 1.47925193424 0.989241598482
1.70862799852 1.5004939057 0.985618297483
1.45654705385 1.35629714126 0.919056602563
1.44780950447 1.21552360834 0.860030175773
1.27814178356 1.25936654527 0.858146757073
1.26983109217 1.11727705154 0.791730002752
1.27204934498 1.24366628439 0.751093987516
1.26244548633 1.55119058923 0.750914605326
1.26130795374 1.63734512219 0.74032831638
1.26478915786 1.49689471389 0.738257306964
1.27103250734 1.57537683691 0.740956017053
1.26967853524 1.43482269212 0.730564181558
1.27480177866 1.51214837222 0.731371918878
0.964779898424 1.45751888786 1.05157371633
0.95124123293 1.19842984663 1.11032505433
0.944456092278 1.23645171767 1.19318888949
0.854063381784 1.09417112652 1.28318700861
0.788199313159 1.19705060066 1.22737882849
0.79085324334 1.28964975455 1.23815985805
0.749710601964 1.36048816069 1.26614702897
1.24475788741 1.11872053001 1.12286194569
1.11509050729 1.22774272866 1.02853262267
1.11138174792 1.32419961927 1.0248948224
1.11347022818 1.37485576031 0.948084886099
1.18932872177 1.23354317249 0.948733848442
1.0920030855 1.25382709649 1.14432144798
1.08114663333 1.05624690426 1.27982611281
1.06924332463 0.960528071282 1.29158717636
0.941916931818 1.04906738218 1.29502927899
0.940885691875 1.18662986613 1.20333019429
0.855090956509 1.15812024143 1.2066250314
0.854480835656 1.31474863889 1.20743297468
0.813563886432 1.45021810796 1.20485185839
0.811937120928 1.34596510189 1.20787015292
0.776185819734 1.41653840716 1.24052558622
1.12555537176 1.26992731475 1.11110563586
1.12352014879 1.37390542133 1.01801363796
1.12813171395 1.24502627249 1.01170389837
1.45546516343 1.10627055248 0.916575961096
1.46267935621 1.21120415291 0.845612675396
1.18513117313 1.31101608679 0.845183561638
1.46647207521 1.35262238775 0.801093608887
100 1.41706625098 0.764697306977
100 1.27307241907 0.768270011188
100 1.33633955241 0.723761221323
100 1.191820062 0.689755990476
100 1.29829481949 0.685841899021
100 1.16867997667 0.683929337487
2.44301589291 1.10349015557 0.719684787802
1.75735962326 1.07521764068 0.817765086599
1.68846066665 1.10802781312 0.970702522052
2.04427345848 1.33071900275 1.15779897612
2.43918511896 1.40791615635 1.06859906315
2.20107186421 1.27763710568 1.06394095588
1.96138500326 1.30657056461 0.973076828078
0.99245454717 1.4756028543 0.920086543469
0.98831619816 1.83316139121 0.915552648032
0.993234020678 1.89887844011 0.908487717294
0.995336315086 1.76015915768 0.899874883787
1.00598571637 1.8366599807 0.900647635744
1.00698434088 1.69669586193 0.891144105168
1.0114510506 1.77201741591 0.884973192107
1.02321354525 1.84872401335 0.887727412848
1.02159401524 1.70762519865 0.874511228394
1.02803577877 1.78364073093 0.870628849821
1.0393022901 1.83234156612 0.870343366283
1.03698829647 1.71327700485 0.85830736961
1.04500133292 1.7944552452 0.856740900079
1.04992259155 1.65428688712 0.851695601093
1.05230099157 1.73045803475 0.842870726323
1.06249841162 1.5905366551 0.843814471676
0.853530447915 2.4096207728 1.058024204
0.837661844946 2.32149922326 1.12296531594
0.829551768362 2.18390443484 1.20795492824
0.742719723175 2.03761453648 1.21734224889
0.748469357527 1.8910346438 1.29849102192
0.888201489758 1.7425151369 1.38459823318
0.892337764024 1.59120600889 1.3939119732
1.13367142154 1.44161282549 1.47546826209
1.59570361715 1.29434947996 1.49329442533
1.84025417341 1.11926016799 1.5744329961
1.23022213595 1.24778866694 0.905947989169
1.1778267383 1.38001059807 0.839490977597
1.22381548473 1.25266147769 0.844328029538
1.23998334947 1.30985782085 0.783758161604
1.28288056439 1.16548039919 0.732686786099
1.29100149598 100 0.729774009179
1.2919425274 100 0.709696513384
1.29021746957 100 0.71373963995
1.28942029761 100 0.720874104525
1.28262433989 2.49381374098 0.717420167213
1.28224960454 2.33452136159 0.725445621602
1.27853746788 2.17517634279 0.727537568463
1.27329682429 2.01582137732 0.976925791032
1.2745089708 1.85646513822 0.99040844181
1.26803392222 1.69710956141 2.00608394722
1.26435220265 1.53775532337 100
1.26650827805 1.37840298543 100
1.25789819013 1.21905331285 100
1.25580000866 1.05970751225 100
1.25357696879 0.988027647724 100
1.27429183785 0.961094401312 2.47220850898
1.38714621996 0.979528953081 1.62423637773
1.21282830187 1.04146850649 1.44518957312
1.0650616924 1.01906164821 1.44476181004
1.06368774548 1.122464716 1.44136281919
0.949060160926 1.10011184901 1.51478120026
0.887512127582 1.4486565044 1.74364278391
0.878904185999 1.59311804415 100
0.870477839916 1.65429069157 1.92824055231
0.857916543627 1.73070898226 1.41491243381
0.8552076496 1.59061585235 1.40321008382
0.844491312586 1.66415238514 1.17273206598
0.834471561328 1.73929649766 1.16623794442
0.836717588557 1.59731888202 1.17972983889
0.819216429883 1.67181296702 1.18261150756
0.811642925613 1.53075958094 1.19082419122
0.809772706301 1.60455413525 1.2028605385
0.815484974449 2.49321580972 1.20013728711
0.815250388045 1.94557017402 1.18503500435
0.831266123909 1.81755292605 1.18374587967
0.830766223318 1.90468461774 1.17054359529
0.839513443259 1.96236681695 1.16107214769
0.854579785646 2.04806115625 1.15886286327
0.855652644864 1.90770021618 1.14635821453
0.863417093425 1.99262522983 1.15589699366
0.880597599071 1.89107062913 1.38476337205
0.877772153706 1.73242861165 1.39917606991
0.88784324109 1.57311109314 2.15832425821
0.897381785162 1.4138036998 100
0.900496715411 1.25451031219 100
0.912748258203 1.09523704623 100
0.912375467432 1.0235851851 100
0.949214971636 0.992167966929 1.87697747551
1.04058881489 1.0355566669 1.67306127393
1.18945235561 1.13648622772 1.66445389182
0.988880690041 1.25867814084 2.06901550947
0.982705796026 1.36474898925 2.27747011157
0.916201400039 1.23916508504 2.03192146568
0.908538472768 1.27897911771 1.55835515428
0.835147281863 1.13694914909 1.54037080856
0.834750350202 1.25776902815 1.53700777434
0.789790791779 1.55709618387 1.51556349703
0.767371756076 1.42311417354 1.49764279271
0.75710885925 1.49703935173 1.27791282774
0.755151797372 1.35696475883 1.26097850611
0.736698644448 1.42875655098 1.26400290417
0.729344247694 1.50264831782 1.27527243461
0.722649664428 1.36036521512 1.28685670398
0.706710429573 1.43358549316 1.29329759923
0.715384607345 1.29223007572 1.30612877853
1.16482062696 1.60560148649 1.20691521672
1.16439627808 1.70543802918 1.14146367521
1.17510240845 1.57590445544 1.0889276868
100 1.622920714 1.07532177817
100 1.48096325627 1.01664583964
100 1.55035092335 1.0124814508
100 1.4108941777 0.949965243575
100 1.27129570836 0.895539406171
100 1.15269216433 0.885489327643
100 1.0820128495 0.835396787629
100 1.05491226492 0.834753986125
1.87531113814 1.04321978818 0.920048317429
1.60969722509 1.05015175802 1.05116160117
1.60972008291 1.23157047048 1.18998081091
1.98146453497 1.31933782894 1.07716203902
1.75458056676 1.16225131757 0.97017512506
1.74819877315 1.26255342979 0.961827316866
2.18200725686 1.35680803508 0.887867681706
1.69696421843 1.22570962753 0.835014820283
1.44212815691 1.27607683989 0.831487614525
1.43151678573 1.1341216924 0.771886918814
1.43141747055 1.46341000707 0.738523193808
1.41791973147 1.57752367551 0.742150437034
1.40975832475 1.66594418477 0.735277582154
1.16230313584 1.52644657508 0.741278470833
1.16009004775 1.60715663001 0.740525492735
0.865817550592 1.476587404 1.04916333368
0.847471744738 1.1988668429 1.11802484539
0.838116225105 1.13177515661 1.12128584094
0.838995528937 1.28294302127 1.12177209063
0.793072486342 1.39543422723 1.11815158658
0.768174400978 1.47265025208 1.12687779684
0.762911673112 1.33099703066 1.15109517708
0.729302922337 1.3687558274 1.18193582364
0.703685724356 1.22575036149 1.19134090364
0.700640957528 100 1.21522180802
0.666087716727 100 1.24577813608
0.643562183525 100 1.25243224859
0.635769020717 100 1.27799384993
0.603476485542 2.46544352031 1.29322958736
100 2.30671009707 1.31400408221
0.571164422696 2.14806983553 1.34108095802
0.791644720444 1.98954502485 1.35350737215
0.78959497177 1.8311656499 1.37599137209
1.29307949031 1.67297301631 1.40443801879
1.79747450212 1.51502562148 1.41429832466
2.30218163313 1.35740907569 1.43833787071
100 1.16889438 1.468154363
100 1.09858247202 1.47150253538
1.69701851034 1.07295732922 1.58114301642
1.31767327519 1.11117985684 1.51219607146
1.32019041107 1.08111447362 1.33742514927
1.49885661977 1.05113075991 1.51182590795
1.69298245205 0.97289475286 1.50926840999
1.69822381263 0.944286514607 1.5033422518
1.51585460613 0.966141064569 1.31280565485
1.2278881939 1.04667861917 1.00828509247
1.23138598333 1.16718919567 1.00609432519
1.23034758613 1.31437458591 0.908849490992
1.21357393957 1.42022290252 0.857417331532
1.19976054473 1.49183083798 0.825115211855
1.20447058338 1.34991538933 0.814981846554
1.24122107483 1.41152234145 0.775159752953
1.25479734644 1.26707828049 0.778776289051
1.28663971281 1.12656807341 0.730847160807
1.29420409346 1.46603115186 0.707112763989
1.28434783981 2.04632824817 0.737344343915
1.25977948083 2.14960097699 0.740571178318
1.2211668806 1.30788476342 0.805105582868
1.22821875567 1.43388976584 0.773639714237
1.23721528606 1.51865508424 0.766886300097
1.24761762233 1.59617607534 0.761786384593
1.25256279799 1.4540370318 0.747445459381
1.26416285357 1.52864531054 0.7441615597
1.2754612057 1.35910688044 0.735892034433
1.27989969426 1.43233082754 0.720253354938
1.29079235643 1.50752271541 0.715997148834
1.29937594477 1.36488380382 0.707651108905
1.30547465713 1.43939010965 0.694652101272
1.31788049482 1.29774620808 0.701910452804
1.32373950991 1.37148302606 0.679951595961
1.33143368042 1.23096938055 0.669812464952
1.34528943974 1.30383684571 0.672331647654
1.34852709767 1.37889597162 0.65286204217
1.35775469094 1.23649439557 0.645822362413
1.3690281451 1.31078846763 0.643204473823
1.37607532922 1.35800272566 0.626194456065
1.38568006956 1.18635037521 0.614579280791
1.39004566649 1.34063855326 0.61374220918
1.38486626691 1.94519394151 0.630931332412
1.35032163869 2.05276808727 0.679859933212
0.877348158374 1.80605185451 1.18446620409
0.865903231398 1.74421138628 1.2724484082
0.854345771965 1.61670570669 1.38172413383
100 1.47888879351 1.39146375481
0.964603436141 1.34182508251 1.49810664069
0.973543578557 1.19534467504 1.51714096496
1.19139476389 1.13030166692 1.53050536193
2.11187418271 1.06978420965 1.50229209074
1.88548188049 1.03255814772 1.53262498893
1.44298543163 1.00422979786 1.59642399201
1.44598430371 0.975995829204 1.60113993901
1.66452351775 0.953712513377 1.60400451369
1.67079622908 0.924478758797 1.60491209622
1.46430915932 0.914107988672 1.38819906082
1.2730924228 0.891544937607 1.20273294028
1.10876705014 0.942743930397 1.04188677305
1.10754155522 1.04350529447 0.915936798431
1.22613276923 1.18034452791 0.837923431138
1.22393137659 1.54767989721 0.837951144627
1.45025251546 1.67641695566 0.81647853451
1.18447274896 1.76794313435 0.820248876811
1.18372665507 1.85198241016 0.824491385028
0.928120759654 1.71205157657 0.821883278049
0.930496749482 1.79322227827 0.829314288277
0.924906855002 1.89797605961 0.827037485763
0.923428397587 1.76140177628 0.829979645715
0.926231608958 1.81568550001 0.83870656464
1.11547454162 1.10892200857 0.708715501732
1.06062522285 1.31303678957 0.708715501732
1.05018615009 1.86937676412 0.702465538715
1.03602536576 1.74518088431 0.735173135695
1.00838295129 1.7837836142 0.742554871279
1.00499973485 1.64392939771 0.765027258203
0.971829452503 1.70677788575 0.798142916255
0.946909452216 1.56671308745 0.803094355121
0.940211014601 1.62923093283 0.828398070224
0.908673505488 1.69467633896 0.863288532284
0.886069034572 1.55167221722 0.864590726511
1.04188871565 1.11964792451 0.77977671387
0.99499507284 1.5092629653 0.758643148898
0.992242058407 1.86883253805 0.759816944118
0.986354445266 1.73892126097 0.768007807606
0.981380793295 1.8264467285 0.779111418505
0.968922272249 1.91276544126 0.781096066752
0.964990803487 1.77223692788 0.793711223048
0.955943569962 1.85738572077 0.800051369813
0.856029807153 1.68536105681 0.896542651773
0.849809034337 1.41497455579 0.918017319558
0.852722339891 1.26037476213 0.969889951141
0.792521378504 1.31615581177 0.981242031832
0.741546621325 1.17186818334 1.02654439049
0.739016944139 1.26687706092 1.04010764824
0.698990729646 1.16743234322 1.07032988528
0.836082081617 1.21092802101 0.984379425922
0.837839653307 1.32049974708 0.984621218415
0.904075117221 1.37964481628 0.918993357565
0.904922268688 1.24144705141 0.863306786801
0.964345804327 1.28713696914 0.856177482971
0.977278451009 1.14451454812 0.793132428714
1.02782284928 1.23123284983 0.748131275805
0.8583955155 1.55833934505 0.894649780445
0.845290316415 1.47568171808 0.929729560487
0.841461502425 1.34570995941 0.931220990752
0.800774711002 1.40802281867 0.967703156215
0.770255846662 1.26602991728 0.979770521775
0.761911587104 1.29745587782 1.01276474351
0.774621351435 1.68518102748 0.993225162361
0.769061331196 1.73051001923 0.983962415262
0.772200725976 1.60528022425 0.987129462117
0.765974545391 1.68829908352 0.984049441159
0.774646788758 1.57040026755 0.992387491872
0.764734408918 1.65431546273 0.9865061068
0.765250732372 1.51512763661 0.988789047517
0.768458326807 1.59376345746 0.993157861986
0.760893879621 1.67348784627 0.989210295904
0.76409033849 1.53274020748 0.993557003136
0.762712324093 1.61158567929 0.994382058753
0.757728364759 1.69161304862 0.99245252372
0.763549872914 1.55025155026 0.998780405986
0.757577462181 1.62947001383 0.99610323626
0.75519997046 1.70982427177 0.996177291872
0.763641541438 1.56787868554 1.00445744594
1.00483170832 1.06541149532 0.899483187152
0.935557644484 1.21424137158 0.832293642742
0.94250750824 1.3414947506 0.829951495459
0.981405155363 1.41681974934 0.788297730083
1.02667706448 1.24744255384 0.752909923964
1.0281640537 1.30786592929 0.743457823076
1.31427341933 1.16393929716 0.701659375375
1.07526644427 1.51268815862 0.69250085258
1.31110650254 1.6333647848 0.689296588604
1.31237747533 1.72775840314 0.703241646141
1.57523953114 1.67334932568 0.729869357739
2.08763990331 1.51447483086 0.719816683503
100 1.35537115348 0.737809768835
100 1.19626566241 0.742809868713
100 1.12475434698 0.756531764717
1.74964302767 1.09389922749 0.828050511094
1.54221096039 1.11426307659 0.958001428295
1.52943150802 1.31390753097 1.12845589356
1.71718164095 1.40715142701 1.10376456189
1.69794889791 1.28192403359 1.09866785421
1.462151732 1.30730432131 1.00396409365
1.45869672762 1.16403667793 0.915254640065
1.46223349019 1.26219831965 0.855443817431
1.45366586354 1.35089391036 0.851220293497
1.4515402567 1.4184732711 0.8123362426
1.24306167784 1.27878852427 0.784484026942
1.24354381886 1.33962600552 0.774835293687
1.2780427773 1.1985204214 0.738984755335
1.27483439141 1.35666080585 0.73729194629
1.26520636091 1.92077818473 0.735443032963
1.07949707617 1.99732617399 0.921009761301
1.07204293201 1.80773201346 0.95146570076
1.06579971547 1.68427260604 0.952393530634
1.02966839934 1.74631776932 0.987569499371
1.00155808312 1.60674842086 0.998482988727
0.988568553215 1.66570187038 1.02780520667
0.892909957663 1.84779877789 1.12293354686
0.896078252388 1.57249044333 1.1264658898
0.856230407898 1.44553066793 1.15991473207
0.859634308809 1.30826043896 1.17347080578
1.35191931207 1.08950020399 1.30658632837
1.19981386054 1.18444218142 1.15888412538
1.09068450835 1.30821697702 1.04543525366
1.09403632209 1.41773032783 0.969026282917
1.10993380915 1.28817779212 0.961815803189
1.17631829088 1.17220069881 0.885336120137
1.18898829421 1.25232778177 0.882346426209
1.19341868808 1.37300044486 0.823845055367
1.20960201225 1.44939772678 0.791709408162
