19
12.884303093
6.1297390461
6.72591519356
6.14061594009
15.4778709412
12.6004350185
13.3969128132
21.070554018
18.7574598789
15.5862660408
20.2361059189
12.9484100342
16.4843518734
8.73921394348
9.53340578079
11.0921721458
10.4696540833
8.26943206787
13.8141081333
16.1326858997
6.75639891624
6.224214077
6.17912483215
14.898802042
11.9942719936
13.712211132
20.1049308777
18.7425980568
15.3236029148
19.8487989902
13.2154810429
15.2400670052
9.11210989952
11.0677640438
12.604197979
11.5561611652
9.91872191429
12.5411520004
16.4944601059
6.71739387512
8.88166308403
7.24776792526
13.7771368027
10.6299259663
12.3718481064
21.4564340115
17.7865350246
15.2490561008
18.2815358639
14.7697989941
14.5402750969
10.6636300087
10.4132580757
10.3592200279
10.8279349804
8.35932898521
11.0549647808
17.2502570152
