19
9.8207359314
6.74484300613
5.75619006157
5.73501205444
13.6425631046
10.6411430836
12.0700349808
13.167165041
12.7047228813
14.3086240292
16.4174818993
13.7434380054
12.2419958115
11.1349050999
11.0137400627
9.21849703789
7.05699086189
7.67473196983
8.63450288773
13.6777780056
9.86304998398
8.38125705719
7.30700707436
9.51530504227
8.22894096375
10.4591619968
12.6890881062
12.2130858898
12.2066578865
16.7667179108
13.1188001633
10.7793068886
9.40869402885
10.3385269642
6.43046212196
8.2997610569
9.19624590874
9.78415298462
13.0608410835
6.82399010658
11.9307210445
11.443365097
14.5035409927
12.7081899643
12.1711728573
14.0996370316
11.7036201954
13.1810469627
13.7810211182
11.5286579132
10.4398839474
7.00451898575
9.66354799271
9.71737098694
10.3206291199
8.81786990166
8.81421613693
12.9500160217
