19
12.8616149426
6.1102180481
6.68994498253
6.72578501701
14.5028250217
12.920789957
14.6127429008
20.3140308857
19.2775709629
14.6913361549
18.8564550877
11.4624769688
18.1251859665
8.06321382523
9.64541816711
10.7901928425
10.4959928989
9.60653686523
13.1884219646
17.1619148254
6.15739417076
6.75804591179
6.72163391113
14.9074649811
11.1817340851
14.3540549278
20.7620270252
19.3901388645
15.4840168953
19.6603679657
11.0546400547
17.2663311958
9.7311770916
12.2344639301
11.269356966
9.869535923
