19
12.9608438015
6.22270488739
6.73549485207
7.23874592781
14.9108498096
13.3438999653
13.747407198
19.8004870415
19.6997439861
13.5933101177
18.7520081997
11.9989020824
18.1143832207
8.55267310143
9.82367801666
11.1419169903
10.5692420006
9.87974500656
12.949614048
18.0533568859
7.33806777
6.25525689125
6.22385501862
15.9562089443
10.5858960152
14.2244050503
21.5213727951
19.4314830303
14.7346420288
18.88616395
11.448097229
17.7175040245
8.38874292374
10.2526988983
12.2184538841
11.3829669952
8.70363092422
