19
9.5288040638
6.79325389862
6.22021603584
7.879778862
11.5910079479
9.51624703407
11.9630270004
15.2572250366
13.3626158237
14.0137598515
14.193349123
13.0524959564
11.6498351097
10.3911731243
10.5044968128
8.0773859024
12.7383298874
7.22068715096
35.7824671268
13.8584771156
10.1430768967
8.23286509514
7.7925889492
13.5245769024
11.1068840027
12.9178049564
14.4471991062
13.5496230125
11.634262085
13.9949228764
10.0761170387
12.0583810806
9.71108913422
10.7351460457
8.00673818588
11.5672228336
7.30040788651
9.79740214348
11.1238250732
5.26484799385
9.82703709602
10.9185988903
14.5644791126
16.0554990768
10.9951519966
