100 2.01556443707 1.0
100 2.01556443707 1.0
100 2.01556443707 1.0
100 2.01080225712 1.0000150533
100 2.00259833438 1.00011173817
100 2.00259833438 1.00011173817
100 2.00259833438 1.00011173817
100 2.21169036092 1.00037237529
100 2.19882906619 1.00087002106
100 2.18952257931 1.00136036554
100 2.18952257931 1.00136036554
100 2.17791019035 1.00212592736
100 2.16463884341 1.00321025552
100 2.1501778221 1.00464653608
100 2.13486740508 1.00645713634
100 2.1189542998 1.00695498468
100 2.1189542998 1.00695498468
100 2.10261739933 1.0049472974
100 2.08598648035 1.00324826127
100 2.0691557639 1.00188719455
100 2.03515030478 1.00025360411
100 2.00095518251 1.00014188936
100 2.18573279331 1.00159143605
100 2.15049868964 1.00461178224
100 2.09785425397 1.00442495709
100 2.04554760061 1.00059325601
100 2.01911023061 1.00000833419
100 2.20857585604 1.00047374905
100 2.17544607431 1.00231035859
2.2841527713 2.14135429687 1.00565356954
2.27773897811 2.10684023453 1.00543425055
2.02464351449 2.0721905154 1.00210578229
1.77152016446 2.03755952999 1.00031970002
1.51838225482 2.00303275238 1.00010436914
1.26523684396 2.18769394015 1.00146959121
1.25969108217 2.15236156641 1.00441259788
1.25538272666 2.11717617737 1.00672031389
1.25232624321 2.08215168493 1.00290628647
1.25053159391 2.04729973008 1.00066441297
1.25000456796 2.01263104756 1.00000570995
1.25074692383 2.19749688011 1.00093349803
1.01383891282 2.16209696799 1.00344345917
1.00804494719 2.12685388447 1.00752380182
1.00466677139 2.10009178621 1.00466677139
1.0019108862 2.06949280335 1.0019108862
1.00030296059 2.03697488192 1.00030296059
1.00009596462 2.0035474266 1.00009596462
1.00140224845 2.18881296888 1.00140224845
1.00426342981 2.15378447644 1.00426342981
1.00692833685 2.11875387547 1.00692833685
1.00305151331 2.08380598813 1.00305151331
1.000736832 2.04898953518 1.000736832
1.00000100334 2.01433462903 1.00000100334
1.00085009675 2.19925720557 1.00085009675
1.00328118688 2.16385617048 1.00328118688
1.00728325966 2.12860846313 1.00728325966
1.00486028934 2.101841745 1.00486028934
1.00203575657 2.07123603763 1.00203575657
1.00035395014 2.03871004544 1.00035395014
1.00007035668 2.00527356147 1.00007035668
1.0012988508 2.19058498813 1.0012988508
1.00408203667 2.15554889617 1.00408203667
1.00716355463 2.12051024135 1.00716355463
1.00320874323 2.08555385122 1.00320874323
1.0008152396 2.05072843614 1.0008152396
1.00000016557 2.0160640888 1.00000016557
1.00076999017 2.20103158238 1.00076999017
1.00581065855 2.14005146707 1.00581065855
1.00433712781 2.09702675642 1.00433712781
1.00030036209 2.0368826965 1.00030036209
1.00097694329 2.19661114113 1.00097694329
1.00635736507 2.13564988052 1.00635736507
1.00584684081 1.8550159334 1.01331116248
1.00584684081 2.07026131523 0.99834729036
1.00449953121 2.09189662235 1.00318689427
0.996414739906 2.03077922304 1.00397075515
0.992988146389 1.96896663508 1.00941705665
0.99428165659 2.12602988617 1.0193974373
0.992031548425 1.85894150584 1.01165468894
0.992031548425 1.84833571235 1.01165468894
0.992031548425 2.0637864774 1.01165468894
0.992031548425 2.0637864774 1.01165468894
0.999462540155 2.09063882233 1.00753981875
1.00425981028 2.02718007196 0.995986841513
1.01367289237 1.96391822743 0.98908372979
1.0255646584 1.69017498772 0.990002612745
1.02543575253 2.11712547126 0.990002612745
1.02705924422 2.1190138701 0.98760275579
1.02411079239 2.05753350074 0.979537587288
1.02261923145 2.21576116793 0.977512699347
1.01161661315 2.15652650848 0.98851549567
1.27598930073 1.74638463081 0.990045737063
1.01524497496 1.94440448309 0.990379071727
1.01785245213 2.043233334 0.992487180052
1.02159003573 2.01025630876 0.994040134173
1.02673875901 1.97401902374 0.990757585699
1.26272507683 1.93607028981 0.988793480959
1.26169359721 1.89722307932 0.988310714671
1.26185968268 1.85790418543 0.989383756094
1.26326021876 1.81833767219 0.992039381179
1.26590631576 1.77864117215 0.996277894901
1.26979595891 1.73887644178 0.994280986304
1.27491968068 1.6990759031 0.991703093109
1.52768678457 1.65925657799 0.99071868591
1.53237605346 1.62888984504 0.991043220549
1.78432097925 1.59402308527 0.992562177444
2.03666857672 1.55679392263 0.995530506427
2.29232230607 1.49882181753 0.997591493371
100 1.45950321806 0.99465138532
100 1.41993699723 0.993256441701
100 1.38024080177 0.993439862897
100 1.34047639563 0.995212348394
100 1.30067620574 0.998570213157
100 1.26085725799 1.00121488522
100 1.22102849342 0.997777882239
100 1.18119460908 0.99592303772
100 1.12143924802 0.996125782419
100 1.08160097167 0.99825032483
100 1.0417622449 1.00195575793
100 1.00192333699 1.00272486129
100 0.962084396417 0.999649232375
100 0.922245509511 0.998155574934
100 0.882406731546 0.998250998763
100 0.842568103442 0.99993505264
100 0.802729661031 1.00319973772
100 1.87798574839 0.690701001956
100 1.86485773079 0.692730886219
100 1.84157162199 0.725566115094
100 2.04596082765 0.721376387903
100 1.99978390479 0.71791561045
100 1.80408922134 0.717936430613
100 1.77314318011 0.779476138582
100 1.6783874485 0.903655938959
100 1.39415347248 0.960584521529
1.17978117377 1.2973932074 1.02376446143
0.881111847481 1.42321501694 1.03020631862
0.833277022683 1.40065909635 1.07801743495
0.818066394566 1.54347043709 1.08074354459
0.838315241627 1.53853372134 1.08104256205
0.840872392614 1.51872437783 1.08303407211
0.808099416998 1.49105872242 1.08691960457
0.803569691987 1.45936076601 1.11335833838
0.80098610947 1.43420429029 1.11241466954
0.799125163985 1.40397569606 1.11221632648
0.798687228645 1.37120100379 1.1131559127
0.800005866249 1.33721301765 1.11541253756
0.803218405343 1.30271901517 1.11905471806
0.770956660977 1.26809965535 1.12409728386
0.765679721019 1.23356587957 1.15044529247
0.762417687266 1.4017503918 1.14960406492
0.761215508218 1.36556433569 1.15013588562
0.762091366556 1.3295532518 1.15204342084
0.765041720854 1.29374889107 1.15532171021
0.77004417604 1.25817789381 1.15995981902
0.729477392862 1.22286534045 1.16594173074
0.725583376865 1.18783675312 1.18709808273
0.723864135774 1.15311930631 1.18733731543
0.724335348585 1.32129329064 1.18891225761
0.726992838922 1.28498838711 1.19181765401
0.731812823417 1.24889887835 1.19604382412
0.693469519863 1.21304408939 1.20157683673
0.688901147019 1.17744551557 1.22464202557
0.686617905528 1.14212714235 1.22460914198
0.686642595919 1.10711580075 1.22587175515
0.688974971981 1.27729872042 1.22842587129
0.693591754381 1.24072412447 1.23226346006
0.65772084792 1.20435677121 1.23737257993
0.652405619105 1.16821601675 1.26223187153
0.649495205872 1.13232355916 1.26194307812
0.649021960916 1.09670377749 1.26291168339
0.650991199479 1.06138412505 1.26513479931
0.655380904986 1.02639558596 1.26860583066
100 1.19683302673 1.2733145721
0.616130207985 1.16017856364 1.27924735616
0.612518524302 1.12374101017 1.29933373796
0.611486716795 1.08754216889 1.30002512635
0.614795807233 1.03374630463 1.30334698582
0.620199426601 0.998259442965 1.30707571087
100 0.963113161254 1.31200419788
0.577576875056 0.928346142384 1.31811898906
0.5750129735 1.106741813 1.3367742123
0.574040968191 1.07461662656 1.33735819962
0.578336820847 1.01403937582 1.34068128187
100 100 1.34069059014
0.565958626754 100 1.34069050768
0.565958623977 2.48517582873 1.34069050621
0.565958623967 2.27843540967 1.34633578656
0.597263377105 2.2646244454 1.31506809618
0.62955162457 2.18782948407 1.26693813444
0.638225329378 2.33106909535 1.2583317474
0.655254299449 2.21989754141 1.24101397819
1.18071267164 1.90171257458 1.22274271326
100 1.83001876533 1.22552094717
100 1.58364764775 1.19511071059
100 1.51254466351 1.1949513391
100 1.50719023958 1.19477184143
100 1.4857437674 1.16529358265
100 1.45577020981 1.16086124157
100 1.42133231695 1.15700545682
100 1.38456873172 1.1541384709
100 1.3466015106 1.15246870379
100 1.30801973709 1.15209896547
100 1.26913357131 1.15307579069
100 1.2301073045 1.12317062486
100 1.19102904171 1.11824499984
100 1.15194723319 1.11471164482
100 1.11288986307 1.11258984417
100 1.07387456611 1.11189042245
100 1.04416342813 1.11231547714
100 1.01009956833 1.08691834774
100 0.973791423442 1.08133725973
100 0.936350253088 1.07689288965
100 0.898364795736 1.07376883885
100 0.860150717573 1.07205560903
100 0.82188177983 1.07179576073
100 1.75403416751 0.714189019118
100 1.98056447048 0.714052694107
100 1.96144047067 0.714229385524
100 1.93500690299 0.715805578168
100 2.13843211338 0.719284245514
100 2.10560623013 0.759243459107
100 2.07184971808 0.754106476177
100 2.03769563011 0.750874728115
100 2.0445301942 0.749673294231
100 2.20255316967 0.750556953074
100 2.16758849081 0.753537718336
100 2.13274780597 0.758598708232
100 2.080780777 0.788984310447
100 2.05206737558 0.786371188881
100 2.01712591297 0.78577092831
100 1.98236667601 0.787188769296
100 2.14934487646 0.790614121948
100 2.11359731728 0.796021176737
2.44968574902 2.04975337246 0.822877045132
1.42356104545 2.03957161327 0.845903433333
1.15162203727 2.17649910544 0.863962599308
1.11618859337 2.12167552528 0.886894418838
1.08572660542 2.04904244411 0.914423520894
1.06000082355 1.9942280623 0.943579241331
1.05958009355 1.72589940643 0.955984353165
1.05791401676 2.36414445153 0.955880507067
1.06086584417 1.91623255955 0.954952653396
1.05094279515 1.89267452198 0.954824865115
1.04711806054 1.87190173102 0.955644159612
1.04269295526 1.84431336963 0.957766969095
1.03874711316 1.81324995175 0.961441033439
1.03584385367 1.78047211659 0.966754874487
1.03425850495 1.74690692284 0.982827916742
1.03401662536 1.92758617167 0.981636205629
1.03480751562 1.89659770701 0.981382006385
1.02113234271 1.86348432644 0.982460280023
1.01542907434 1.82934696677 0.985046424114
1.01108696736 1.79476729175 0.989203262815
1.00822195931 1.76005531903 0.994938500457
1.00689194179 1.72537929866 1.00953180444
1.00712328452 1.6908337791 1.00854629585
1.00892369215 1.86254509418 1.00912700689
0.990002471173 1.82684627818 1.01127562388
0.985030733699 1.79130781576 1.01498396873
0.981650253112 1.7559465528 1.02023569371
0.980153055359 1.72911284514 1.28478017728
0.979593304257 1.69845324346 1.28425299101
0.981311128947 1.64925531347 1.2854019784
0.964379881217 1.82242902216 1.28763039109
0.958985188137 1.78706829682 1.29107277564
0.955161052937 1.75165538647 1.29573260947
0.952961278824 1.71630857727 1.30160025123
0.952412928839 1.68109573896 1.80737081182
0.953525803644 1.64605884753 2.31319266406
0.939288040401 1.61122686483 100
0.933237217375 1.77218962054 100
0.928855933441 1.73279320477 100
0.926168664251 1.69341461755 100
0.925190526289 1.65405660479 100
0.925596936778 1.62406193048 100
0.927291003527 1.58964646452 100
0.910235177468 1.55292449624 100
0.904740767401 1.5150067736 100
0.900805545488 1.47647738209 100
0.89854583504 1.43764413076 100
0.898017867308 1.39866999663 100
0.900515578879 1.34012386217 100
0.882159498019 1.30109769678 100
0.874586136267 1.24251410631 100
0.871776926956 1.20268291732 100
0.870782631467 1.1628480821 100
0.872705506822 1.10309267279 100
0.876252207228 1.0632548372 100
0.850837143758 1.02341676191 100
0.846566023901 0.983578652459 100
0.84415563144 0.943740628761 100
0.843621930743 0.903902767989 100
0.844968484398 0.864065127586 100
0.847253549248 0.833689532254 100
0.732067106012 1.83071845233 100
0.74959046387 1.82588617665 100
0.746925340833 1.80686631486 100
0.74448465341 2.01098207485 100
0.74329537829 1.9801352334 100
0.743863719143 1.94736555545 100
0.746415935862 1.91368212443 100
0.75103021753 1.8796194755 100
0.776940283606 2.07611452415 100
0.772779085333 2.04104662233 100
0.770634821904 2.00606649381 100
0.770537737871 1.97122351377 100
0.772494445126 1.93654850438 100
0.776491845156 2.12422981737 100
0.805113086244 2.08946376527 100
0.800591532382 2.06243796111 100
0.79803526875 2.02754786318 100
0.797463480013 1.99284243095 100
0.798880552288 2.15481624849 100
0.802275999331 2.11961800242 100
0.807624889581 2.08458673187 100
0.828449378511 2.04973106881 100
0.825521457598 2.01506016307 100
0.824510476968 2.18641044333 100
0.825423482921 2.1508153364 100
0.828254114028 2.11537162794 100
0.832982821629 2.08008706006 100
0.856362712726 2.04496987189 100
0.853087741691 2.01002883708 2.16355533981
0.85166592448 1.9752733041 1.65773709825
0.852106537669 2.14719014185 1.40165587194
0.854406699948 2.11150664197 1.39611474331
0.858551465592 2.07597438458 1.39169253873
0.864514304109 2.04060127031 1.38839994995
0.880726679084 2.00539572058 1.38624502612
0.87891975814 1.97036671728 1.38523307665
0.878916919869 1.93552384583 1.38536660622
0.880718181713 1.90087734158 1.12058705323
0.884312519391 2.07225116093 1.11570160425
0.889678200861 2.03662786955 1.11222270628
0.90843164049 2.0011636207 1.11016358245
0.906263101773 1.96586702181 1.10953213743
0.905843323434 1.93074726746 1.11033080701
0.907174733098 1.89581418578 1.09517143939
0.91024964648 1.86107828851 1.08982545103
0.915050487267 2.0330519884 1.08591578796
0.936196764416 1.99733508745 1.08345799926
0.933688091435 1.961777018 1.08246197466
0.932875701933 1.92638657541 1.08293174751
0.933764023301 1.89117317036 1.06992214368
0.936348215115 1.85614687874 1.06409432466
0.940614300058 1.82131849587 1.05973327909
0.944983511354 1.79490233722 1.05740506485
0.962022842908 1.97105290053 1.0558041822
0.96030878016 1.93767261837 1.05536498284
0.960052490347 1.90333184479 1.05629050538
0.960906897215 1.87696650142 1.04291251695
0.963049348054 1.84642766557 1.03770706479
0.966715323448 1.81379901332 1.03337182324
0.976895786639 1.96211972564 1.02912474566
0.97696945675 2.15448022763 1.02913609971
0.976539927481 2.15723110054 1.02908046739
0.979103233431 2.09632340047 1.03225614248
0.973629437732 2.03552309659 1.02781293046
0.972990963459 1.97524034451 1.02795530085
0.978146612456 2.1321718407 1.03237122604
0.991339333256 2.36588861902 1.01854164511
1.00811481625 2.1032373548 1.0079274553
1.04899100259 2.03151711423 1.0133224251
1.01178054708 2.02611408883 1.01359839336
1.01424136538 2.00451088401 1.0158883479
1.01777678002 1.97434041461 1.0205060691
1.02266492529 1.93967682313 1.23060729036
1.03572488451 1.9026619323 1.22943622061
1.03440031865 1.86441905104 1.22944596635
1.03450707203 1.82553731968 1.23070236034
1.03610797181 1.78632596984 1.23323079104
1.03922202432 1.74694755542 1.23703518649
1.04384558859 1.70748776235 1.24210779946
1.04996204818 1.66799200239 1.49088428938
1.0581850632 1.62848460534 1.49659514266
1.05787153507 1.58897889078 1.7451175764
1.05905694572 1.54948245843 1.75127827351
1.06096540574 1.51937678498 1.99815621803
1.06422164826 1.48482740067 2.003638475
1.06894378859 1.44795601258 2.25152765532
1.08282047074 1.40987714559 2.25775462791
1.08148409759 1.37117672067 100
1.08215409148 1.31259377605 100
1.08441553527 1.27339141652 100
1.08812907598 1.23415340659 100
1.09328258374 1.19491497092 100
1.105919621 1.15569650947 100
1.10490973069 1.11651091846 100
1.10533522581 1.07736748257 100
1.10719485164 1.03827397924 100
1.11048156648 0.999237859306 100
1.1151828135 0.960266961496 100
1.11970711719 0.930601320545 100
1.12888093373 0.89660469257 100
1.12842619739 0.860384916913 100
1.12924642855 0.822301034024 100
0.711839688772 1.98886453971 100
0.711802552135 1.98406821043 100
0.713209244996 2.03147261942 100
0.716295265296 2.15865734854 100
0.72146645289 2.12705329697 100
0.758566152315 2.13414071886 100
0.755085625396 2.09955147158 100
0.753614013838 2.04723804746 100
0.756806431611 1.99493306751 100
0.760219133935 1.9684528731 100
0.803589582438 1.93815180825 100
0.799300716976 2.10331213982 100
0.796046596766 2.0513615605 100
0.796236927618 2.01630920234 100
0.798385340169 1.98119610041 100
0.802497810729 1.94613851446 100
0.844651092268 1.91120214006 100
0.840686068654 1.87642655717 100
0.838592838186 2.04029670494 100
0.838387952316 2.00442379852 100
0.84007389525 1.96869837561 100
0.843639790458 1.93313114424 100
0.849062130547 1.89773232521 2.15100217828
0.883488407766 1.86251221591 1.39456634555
0.881162394733 1.82748151286 1.38923377029
0.880634459647 1.79265151041 1.38502710267
0.881907854471 1.75803423717 1.38195664872
0.884974813012 1.92086097778 1.38003000363
0.889816793464 1.88507514356 1.3792519658
0.926304739433 1.84945510708 1.10385383145
0.923144782019 1.79635750157 1.09617549219
0.923183815388 1.76119632706 1.09284362288
0.924940526657 1.72623847678 1.09095747423
0.928405165527 1.69149655776 1.09052454792
0.933558716773 1.85529429182 1.09154657313
0.967569226346 1.81936663787 1.06007860878
0.965661775036 1.78360521671 1.05485236794
0.965396122079 1.74802023092 1.05111128442
0.966773620897 1.71262267853 1.04887125001
0.969787269653 1.67742442543 1.04814188866
0.974421887831 1.64243828493 1.04892635165
1.0103351082 1.60767810502 1.01939193242
1.0082184424 1.7718042305 1.01366745728
1.00767374537 1.73580884039 1.00948406068
1.00870356369 1.69998499473 1.00686095187
1.01318799801 1.64659535001 1.00587654526
1.0181172838 1.61125084347 1.0071915974
1.05177639851 1.57612082889 0.975571682699
1.05022055128 1.54121997351 0.970105214546
1.05090804092 1.67761845471 0.964662237193
1.05090508479 1.88782782262 0.964668283355
1.05034059901 1.88782569731 0.964668448065
1.05034060137 2.10714774009 0.964668450356
1.05034060138 2.33265029431 0.96528286866
1.02399064628 100 0.991654142448
0.999273350672 2.48027321965 1.01798086613
0.952046998083 2.16386421041 1.04828766543
0.945452062338 2.09278290414 1.07424834518
0.952475903711 1.85023705703 1.11371574134
1.16213852201 1.53683072379 1.15388187365
100 1.46451631039 1.15518037052
1.89796931413 1.45903049754 1.15512102386
1.90336744942 1.42281881223 1.15715492218
1.9082335425 1.38988148409 1.16062479549
1.9140573781 1.35369902322 1.16566713987
2.16040327475 1.3158142894 1.18141337187
2.16666596076 1.27703775705 1.18113691286
2.41310501544 1.23779536033 1.1821651421
2.41960413056 1.19831105543 1.18451979531
100 1.16814363754 1.18720573724
100 1.13342758397 1.19124003061
100 1.09632729081 1.19665639324
100 1.05797936866 1.21107610815
100 1.01898093797 1.21114935651
100 0.979645993645 1.21250232815
100 0.92035212871 1.21696109723
100 0.880740238726 1.2215485811
100 0.841106540741 1.22741374135
100 0.801470389342 1.24085506893
100 1.65305757059 0.690264410023
100 1.86975787501 0.69170394278
100 1.84604388868 0.695391922844
100 1.81701742991 0.719999770211
100 1.78530827868 0.715734137252
100 1.75230049079 0.713236373238
100 1.94914934617 0.712773476921
100 1.91435716052 0.714461322867
100 1.87952657272 0.718332542479
100 1.84477370586 0.74894888008
100 1.81016504909 0.743668443764
100 1.99497721865 0.740486907441
100 1.97098735312 0.73943711493
100 1.93592506609 0.740530672117
100 1.90104607824 0.743759203138
100 1.86636313417 0.749095535606
100 2.02531913611 0.771318554853
2.14257045994 1.99029915828 0.767751438648
1.3873199558 1.95546336049 0.766241896276
1.38097075226 1.92082195017 0.766802133429
1.37574643701 1.92249597885 0.76942765206
1.37165987736 2.05671236143 0.774097447309
1.36872127086 2.02126266917 0.799013001273
1.36693802408 1.98597943352 0.795093002583
1.36631466216 1.95087169356 0.793157322997
1.10631243806 1.91594910055 0.793220490663
1.10040813324 1.88122196768 0.79528202978
1.09592128411 2.05329397844 0.799326478731
1.09286934933 2.01759620434 0.826754741372
1.09126436811 1.98205632542 0.822505846391
1.09111272572 1.94668298977 0.820172472733
1.09241502742 1.91148544348 0.81977097745
1.07520666665 1.87647357861 0.821304193757
1.07025984696 1.84165798521 0.824761331948
1.06677901029 2.01432332131 0.830118355089
1.06392996632 1.74512855494 0.847987614875
1.02416594235 1.72618690836 0.887779324939
0.982734533321 1.64434755315 0.930440893837
0.946627817325 1.56214934423 0.978172568949
0.867481561896 1.47995582899 1.04789359284
0.82317099066 1.39777030052 1.08808632808
0.809819582441 2.33098812942 1.08943688798
0.809157785369 100 1.08939109265
0.805992100945 100 1.09038686891
0.801885288338 100 1.09316231036
0.798298252188 100 1.09764641662
0.796446801472 100 1.10206850333
0.795467663642 100 1.11593860082
0.795994903159 100 1.11574145308
0.798322382227 100 1.11681308771
0.802561907535 100 1.11924849387
0.772010403984 100 1.12307887716
0.767774343673 100 1.12830438902
0.765560984546 100 1.14659772669
0.76540534007 100 1.14589729448
0.767316264246 100 1.14657793628
0.771281557448 100 1.14863954645
0.743448014447 100 1.15207565752
0.736832465569 100 1.15977963701
0.735092317185 100 1.17649347983
0.735509097214 100 1.17617178123
0.73807926505 100 1.17719906758
0.742780513903 100 1.17957184705
0.711967305095 100 1.18328203836
0.707413819464 2.47590157362 1.18831711902
0.705085610959 2.43644915208 1.2069695341
0.704820051625 2.4063756843 1.20638160769
0.706128166793 2.37186191943 1.20664960192
0.709416840417 2.33502449822 1.208047346
0.71331682442 2.30633232286 1.20992960175
0.682484450214 2.27256136937 1.21303150482
0.677854684978 2.2361326285 1.21744515806
0.675145938997 2.19831730652 1.2231877118
0.674612158286 2.15978306211 1.2366030166
0.676361268033 2.12088079515 1.23701054221
0.680419180117 2.0817951935 1.23868429523
0.904885330208 2.04262375486 1.24163001097
0.899175262442 2.00341826481 1.24584274219
0.895195677893 1.96420656995 1.25131097557
0.892974156033 1.92500400957 1.26692512946
0.892525828763 1.88581942068 1.26701910173
0.89385424183 1.8466582958 1.2683647644
0.89695186963 1.80752444739 1.2709583809
0.901800626083 1.76775341564 1.27479242593
1.1490742968 1.72797094805 1.27985578222
1.15457090464 1.68819086587 1.28613393766
1.40152939505 1.64841352018 1.29711354124
1.40744001298 1.60863920792 1.2981480147
1.6541648358 1.56886820928 1.30040283875
1.9040089996 1.50921855148 1.30605847472
1.91001222639 1.46945712259 1.31132924738
2.15670676781 1.42970009831 1.32735660873
2.40652931399 1.37007366507 1.32801427819
2.41108959361 1.33976857813 1.3293787611
2.41678484491 1.30498354847 1.3317979866
100 1.2678500648 1.33538166577
100 1.22948737551 1.34016155553
100 1.19048338001 1.34613282751
100 1.16057842833 1.35751370781
100 1.12602058643 1.35811999896
100 1.08902544256 1.35974956866
100 1.06018173178 1.36172175967
100 1.02619457909 1.36483135835
100 0.989514360105 1.36913549995
100 0.95142823884 1.37463762397
100 0.912612881778 1.38774586131
100 0.873424680035 1.3885107756
100 0.843455298775 1.38985038692
100 0.808927012349 1.39220324719
100 1.64721496359 0.703538055123
100 1.87141509126 0.704098939562
100 1.85213175011 0.707042747866
100 1.82547316721 0.732207701231
100 1.79505683308 0.728020223555
100 1.99376239326 0.725408696104
100 1.95965301816 0.724724370559
100 1.92513728603 0.726125249132
100 1.89879024688 0.728623222224
100 1.86847564795 0.733031474693
100 1.83618689819 0.758568800543
2.26401131258 2.0335058543 0.754407792808
1.75833564582 1.99893723636 0.752166825398
1.50236209332 1.96422667682 0.75196171487
1.49685685129 1.9295355011 0.753837433836
1.49237451578 1.89495330598 0.757796649238
1.48965793355 2.09950252893 0.762198900087
1.48729359801 2.06865159871 0.783874072902
1.48566687608 2.03584106163 0.780563892835
1.48496426323 2.00209379894 0.778998671776
1.22418070271 1.96794999916 0.779353017322
1.21867307166 2.14785951558 0.781696209437
1.21440683746 2.11305309943 0.786040230052
1.21141786041 2.07833738775 0.812564946861
1.20972610928 2.04376149482 0.808482019912
1.20934177202 2.02489330094 0.806343066636
1.19908771583 2.17927680355 0.80616717438
1.19307473904 2.14389147326 0.807957198087
1.18836681633 2.10866145999 0.811700786177
1.18498000596 2.07359647205 0.817371350779
1.18292588826 2.03870596299 0.83628140504
1.18221151571 2.00399953745 0.833757106005
1.18283936244 2.17557641627 0.833132459899
1.16756949207 2.13994615396 0.83441176646
1.1624326272 2.10446681405 0.837586315688
1.15864370629 2.06914619784 0.842634692973
1.15621598619 2.03399259392 0.864136368377
1.15515805154 1.99901482365 0.861255046798
1.1552743089 1.97246858885 0.860292227603
1.14457325704 1.94213288069 0.860508812709
1.1388523531 2.11591014954 0.862298108527
1.13419541524 2.08149791108 0.865826578403
1.12934308307 2.1140662384 0.876314093622
1.11620940069 2.12227832902 0.888970355309
1.10396253728 2.10279384588 0.906072043173
1.0860002754 2.04878583978 0.92076834762
1.06642997637 2.06105630365 0.9337603485
1.05120189332 1.99415985068 0.951776679898
1.05332700669 1.93129383458 0.962256391595
1.05285148463 2.10165364495 0.962129885092
1.0538653028 1.92553971426 0.961704311065
1.05491422131 1.90628279222 0.961226182
1.05645769445 1.8792377739 0.962051191276
1.0338872651 1.83183160345 0.966262425625
1.02951870484 1.79821838231 0.97112892604
1.0264602957 1.76398124042 0.993110723575
1.02484853816 1.72952311421 0.99129935471
1.02474556483 1.69506026857 0.991051809272
1.02617563193 1.8653740982 0.992390881732
1.00551240966 1.82964059588 0.995319367333
1.00028667565 1.79404475026 0.999826934468
0.99662286037 1.75861249042 1.00589361736
0.994540798076 1.72336310717 1.02215964334
0.994023264434 1.69661974863 1.02155308737
0.994573122923 1.66606954842 1.02196991958
0.996507697533 1.63364165334 1.0237267263
0.974857934541 1.81376256159 1.02603022436
0.970233169758 1.78298826443 1.02978366946
0.966572482627 1.7499205659 1.03508364849
0.964248372095 1.71574383105 1.05299830657
0.963439632217 1.68108402713 1.05212929554
0.965227812813 1.62887493975 1.05357232343
0.946340917665 1.6024152791 1.0555884388
0.941114514124 1.57211845929 1.05897309796
0.936924586726 1.74503155572 1.0638381239
0.934130694691 1.7103890124 1.0839628707
0.932907221471 1.67532064126 1.08278355115
0.933333430064 1.64012602793 1.08302456293
0.935438755461 1.60496839421 1.08471281512
0.912910121731 1.56994015313 1.08785308203
0.907707119424 1.53509728397 1.09243723026
0.904224592968 1.5004773808 1.09844861576
0.902486222204 1.67077078228 1.11352355284
0.90250377129 1.63490255101 1.11341382767
0.904277869127 1.59921857832 1.11472853448
0.884190105108 1.56373338059 1.11746289733
0.878394098276 1.52846179916 1.12160663113
0.874376654354 1.49341949193 1.12714422555
0.872162435784 1.45862325696 1.14431824877
0.872249214649 1.61188720057 1.14420343909
0.876420439373 1.5580559367 1.14720594518
0.849260811259 1.52241421207 1.15092845808
0.844676679223 1.48698563636 1.15601284739
0.841954873849 1.45178582016 1.17517167083
0.841113475401 1.41683181653 1.17445146437
0.842158120408 1.38214227677 1.1750823719
0.845081814779 1.55301107079 1.17706222094
0.820333332351 1.5170124111 1.18038422385
0.815143021768 1.48121047692 1.18503709337
0.811876880098 1.44561988463 1.1910052318
0.810558167993 1.41025663528 1.20507776149
0.811196382967 1.37513826815 1.20539261512
0.813786920857 1.34028403276 1.2070231376
0.791634387555 100 1.20996401005
0.785794489776 100 1.21420571128
0.78194341838 100 1.21973467024
0.780110627872 100 1.23576857182
0.780310339976 100 1.23578295641
0.782540998551 100 1.23708108885
0.75966708911 100 1.24142541638
0.754152468796 100 1.2459067186
0.7513412581 100 1.25016628396
0.749669438444 100 1.26069353261
0.749700298868 100 1.26076551872
0.749700636172 2.49125630455 1.26076577534
0.758308569615 2.27889820723 1.26076577619
0.758308569602 2.07494486708 1.26076577619
0.796410483871 2.05724247404 1.22276316395
0.83461227041 1.97637887111 1.18107889567
1.12857060624 1.78165969489 1.14361890001
1.13974711366 1.71000274258 1.11194297909
100 1.48269633619 1.08838495493
100 1.16476613613 1.05982266498
100 0.886912720232 1.03460938194
1.91410805711 0.809837091407 1.03325680874
2.14246186877 0.804486634812 1.03295999284
100 1.66654985247 0.730936531895
100 1.80676639204 0.731396863656
100 1.78774646614 0.733928569371
100 1.76125099411 0.760509459852
100 1.7309436474 0.756014977288
100 1.90592982153 0.753004706252
100 1.87143531735 0.751832863892
100 1.83651740602 0.752662771633
100 1.80146892802 0.755555513803
100 1.76644841795 0.760515316074
100 1.73154466103 0.783040984978
100 1.69681045575 0.779251675797
100 1.87020388861 0.777482016841
100 1.83439248783 0.777749367505
100 1.79874350433 0.780053176234
100 1.76327029181 0.784376133273
100 1.72798551046 0.809579981868
100 1.70121590592 0.80623872253
100 1.67063682223 0.803802482658
100 1.64640793788 0.80294112099
100 1.8256655853 0.80317967143
100 1.79276682265 0.805029045859
100 1.75859633788 0.808713048811
100 1.72385159506 0.814302846314
2.18910162672 1.6889034515 0.831626997204
1.68353570843 1.65395221345 0.829074463917
1.17795958936 1.61910944841 0.828408896239
1.17192328453 1.58444086847 0.829648925378
1.16535297341 1.73982105702 0.835071772116
1.1626562478 1.70407637396 0.84102929289
1.16131978086 1.66851070536 0.856273783399
1.16134889235 1.63313900828 0.854239776756
1.16274375027 1.5979758725 0.854061122432
0.895397777896 1.56303626906 0.855739180216
0.890811737231 1.52833599744 0.859263154582
0.888500171968 1.71011515001 0.863176951799
0.887122553555 1.67868275507 0.883791239052
0.887163708071 1.64527640836 0.880877123291
0.888846075638 1.61093478238 0.879513163199
0.874646524544 1.5762082594 0.879850730686
0.868680744016 1.54139202679 0.881951033485
0.864462055399 1.50664834419 0.885827695617
0.862044060464 1.47207064152 0.891467507271
0.861454573418 1.6453011512 0.907138135455
0.862702900234 1.60945838 0.90524865873
0.865783434393 1.57379426671 0.905108343529
0.844773248942 1.53832803572 0.906719392481
0.839940969712 1.50307725753 0.910073083508
0.836978821649 1.46805931917 0.915150483047
0.835906970715 1.4332922646 0.933305746446
0.83673280717 1.60714953733 0.931053294818
0.839450783914 1.57117438721 0.930502724566
0.821021953306 1.53538997189 0.931657082666
0.815576953 1.49981001903 0.934510063615
0.812052350143 1.46444947086 0.939046190399
0.810939139928 1.61265153656 0.951063274253
0.810983827734 1.61214208458 0.951152684326
0.817768342152 1.83304186704 0.951153015549
0.817768339942 1.68700605465 0.951153016384
0.847816302419 1.67472766671 0.921153201827
0.876674891775 1.59850153036 0.892739992084
0.911072719963 1.52191717997 0.839370405396
0.950430833318 1.44534438312 0.802080554072
0.966669599435 1.59306388817 0.801122948635
0.983805326677 1.58752035985 0.783979697069
0.985125308956 1.11821584253 0.789228735029
0.985783927113 1.30645004781 0.789554257631
0.987798957726 1.28721076729 0.763772265113
0.990735994261 1.46820586993 0.75931509894
0.99497172079 1.43662318862 0.755942723943
1.0007171071 1.40311692601 0.754207889192
1.01340073607 1.36871302128 0.754379846132
1.01266017639 1.33396056648 0.756576023183
1.01311246705 1.30747920212 0.759625371434
1.01473927822 1.27706631623 0.737478764926
1.01778837272 1.24474842921 0.732262693411
1.02235387365 1.41939149317 0.728820178338
1.06765930394 1.36403254495 0.700685771601
1.06640081309 1.29885976217 0.704285429679
1.10579956372 1.09247798729 0.663030118165
1.15201473542 1.01029010659 0.628178388176
1.22696821324 0.909879160516 0.544983323428
1.2675153157 0.844944865954 0.500285031807
1.27050288772 0.989812839589 0.503508680042
1.28408028518 1.6438096584 0.483713589743
1.28407825261 1.83491919697 0.483715369869
1.34164515394 1.66375561614 100
1.3416451539 1.66375561531 100
1.24017206926 1.60553640488 0.673323532619
1.13566761475 1.31905269747 0.768283249006
1.03589001252 1.22856044797 0.870351116679
0.840524476103 1.10545239325 0.979656765518
0.734069169064 0.985202210225 1.16990742292
0.73675147338 0.918101185094 1.17205175739
0.651614333729 0.873231068881 1.26040669474
0.559889256558 1.00728229136 1.21459060676
0.560066300181 0.802521916179 1.25996228544
0.56081009404 0.769955520655 1.26099679919
0.562876919464 0.740313630303 1.26348096621
0.567189230041 0.708003894683 1.26736075648
1.33440144594 1.86355471074 0.48657399545
1.21558440274 1.82793340202 0.554665879727
1.19400517383 1.41548157982 0.559446694607
1.20938473753 1.88051325243 0.559853231416
1.20886432065 1.93248692098 2.32859207494
1.20812699866 1.90502022393 2.33201137938
1.20811564448 1.66291278058 0.612301245158
1.2081028179 1.66248021719 0.612292933851
1.1227196463 1.44201092943 0.697459317283
1.03446989196 1.32870970902 0.79039292391
0.875434471211 1.19814970598 0.951128409002
0.785384869761 1.12295911531 1.03635457754
0.695166737828 1.01397102459 1.12657221367
0.614820797465 0.724833302793 1.22156093842
0.536721379165 0.840744306353 1.23158960535
0.536721379165 0.840744306353 1.23158960535
0.536721379165 0.840744306353 1.23158960535
0.536721379165 0.840744306353 1.23158960535
0.536721379165 1.04711255616 1.23158960535
0.536721379165 1.04711255616 1.22565053723
100 1.26926688363 1.22565053723
100 1.26926688363 1.22565053723
0.550148666686 1.50021069803 1.22565053723
0.586770044663 1.5345382304 1.19336647692
0.612520568264 1.72253508271 1.1562066948
0.646783832453 1.90209592133 1.12329048015
0.68837461322 1.8234742505 1.06199594345
0.750054632081 1.74485825823 1.02209279099
0.781009975111 1.66667863476 0.986854570217
0.836411526578 1.40970285961 0.986741449588
0.835943161019 1.59648521863 0.986598719031
0.833533646041 1.57673257343 0.987238116683
0.830453395109 1.54960424375 0.95068059231
0.828005209028 1.51873464735 0.945942074188
0.826906640663 1.48601746159 0.942382172122
0.82749534877 1.45245655335 0.940275445437
0.829911758945 1.6165541726 0.939757290316
0.834198641064 1.58077565868 0.940888155884
0.876417935179 1.54501578871 0.943687302691
0.872943680549 1.50936583626 0.903523536653
0.871268582853 1.47388102603 0.899106706691
0.871409289908 1.43859837514 0.896434505976
0.873367628239 1.40354613411 0.895525981153
0.877132536313 1.36874882111 0.896388013542
0.882681322518 1.53282662794 0.899016157014
0.91752287178 1.49660207581 0.860758651356
0.915618029166 1.46056480622 0.855784425601
0.915444655899 1.42472955848 0.852644609101
0.917003789263 1.38911224427 0.851359576542
0.920286646751 1.35373021063 0.851937755905
0.925274890264 1.31860247363 0.854375379477
0.962111654186 1.28374994853 0.818190524973
0.960003933836 1.44845708395 0.812611643901
0.959547195301 1.41211610312 0.808958701159
0.960743794362 1.37596889109 0.807257844289
0.96358757209 1.34003113171 0.80752140903
0.968064012565 1.3043201398 0.809747477529
0.97415060876 1.26885506294 0.813919947761
1.00442243259 1.23365711041 0.76961933689
1.00370737391 1.19874981276 0.765396120232
1.00457310065 1.36416746565 0.763231990127
1.00701553585 1.32769978326 0.763144464309
1.01102325251 1.29143141797 0.765134255432
1.01657773809 1.25537964493 0.76918524235
1.04886941106 1.21956367249 0.726839671927
1.04791789514 1.18400489964 0.721979230958
1.04848049158 1.14872721142 0.719295950196
1.04992559229 1.122033633 0.718728712269
1.05266345529 1.09162782751 0.71965968516
1.05684964553 100 0.722512607393
1.06252918859 100 0.727453248009
1.09255257658 100 0.681128004379
1.09251012979 100 0.675257182873
1.08598238653 100 0.675267961354
1.10246885857 100 0.658031105327
1.12374085163 2.342660602 100
1.14200973108 2.02448269338 0.85846587999
1.14745852621 1.95258590343 0.855111445709
1.15024646443 1.70559102734 1.62812010114
1.15865222522 1.38772539155 100
1.15912030837 1.31538269258 100
1.15894923396 1.30990270492 100
1.15762122429 1.28819630555 100
1.15578686543 1.25803568628 100
1.15439064447 1.22345328056 100
1.15396055419 1.1865599539 100
1.15474155624 1.14846557114 100
1.15251183726 1.10975491185 100
1.1474124951 1.07073693777 100
1.14363737698 1.03157587143 100
1.14122300888 0.992360188898 100
1.14018860925 0.953138957747 100
1.14054260744 0.913941014446 100
1.14056220546 0.874785142304 100
1.13496661951 0.835685550441 100
1.13074702979 0.796654924588 100
0.706369910108 1.76618618314 100
0.705985154943 1.76138988087 100
0.705178045707 1.97409708147 100
0.70539928542 1.94727237041 100
0.707353701202 1.91664944531 100
0.711357271885 1.88413236455 100
0.745380888951 2.08349450297 100
0.740390058087 2.04883079738 100
0.737428503319 2.01403054566 100
0.736573789282 1.97924853575 100
0.737856769613 1.94457069521 100
0.741276336077 2.14265363535 100
0.746807124398 2.10742160688 100
0.770925362641 2.05486671253 100
0.768593352343 2.0200456518 100
0.7683223859 1.9854107738 1.73809156262
0.769502825692 2.18342717494 1.48321437555
0.772330196892 2.15244030838 1.47798415175
0.77706686916 2.1194895284 1.47329081733
0.805114473582 2.08559356517 1.46941688546
0.801569818592 2.05129003791 1.46650229059
0.799919084736 2.0168648123 1.46461547267
0.800219252766 2.18642127286 1.46378920121
0.802487733619 2.15081601971 1.19886573518
0.806715987567 2.11531392483 1.19329602591
0.837748002526 2.07994390928 1.18902986821
0.833799353602 2.04472521185 1.18608464544
0.831740844758 2.00967227504 1.18447173811
0.831587471627 1.97479732302 1.18419727781
0.833340703314 1.94011173288 1.16913378373
0.836988732206 2.10918947554 1.16310463907
0.8425070127 2.07351698527 1.15841496988
0.866029521741 2.03799866446 1.1550811646
0.863634131806 2.00264285293 1.1531150171
0.863073126892 1.96745838345 1.15252354223
0.864350087627 1.93245465253 1.15330886175
0.867456900893 1.89764168152 1.13305428698
0.872374018238 1.86303017451 1.12792357242
0.898304267257 2.03176722735 1.12418223744
0.895597154197 1.99612230772 1.12184418355
0.894720346109 1.9690515166 1.1210099892
0.894984893539 1.93809603411 1.12106693704
0.896765382578 1.90519530865 1.1059864187
0.900220499271 1.87137045572 1.0999781772
0.905398422133 1.83716133291 1.09522124214
0.928877804878 1.80285612515 1.09182290154
0.926756132559 1.97201948383 1.08983812029
0.926275855632 1.94488105652 1.08929196253
0.926946501966 1.91378529703 1.08970390346
0.9291056776 1.88070312109 1.07295344753
0.932893054641 1.84667217733 1.06715792628
0.938347592747 1.81224099147 1.06265940567
0.959679310502 1.77770227273 1.05956588554
0.958080199873 1.74321526396 1.05793199452
0.958121933987 1.91257885156 1.05778357031
0.959813256843 1.87687942297 1.05912956697
0.963149192158 1.84132414779 1.03731301431
0.968114168597 1.80593431254 1.03221086563
0.991837673679 1.77072652842 1.02862594233
0.989910124394 1.73571537901 1.02657509096
0.989583786036 1.70091484239 1.02606794002
0.992721998938 1.84238659132 1.00904727592
0.992733425825 2.05581677388 1.00900123331
0.99273335669 2.04787945509 1.00900110328
0.9823564747 1.83035434087 1.01967338865
0.967857142282 1.97962146996 1.03267032383
0.958196665205 1.91332289666 1.05015422707
0.944389989788 1.84727980857 1.06375674695
0.937476469549 2.00139037152 1.06286130351
0.940782443594 1.98801480702 1.05921931348
0.966090108077 1.79245517642 1.05591118475
0.947684477227 1.99501526111 1.05547216197
0.951152959461 1.97557785881 1.05491296943
0.956136621169 1.94889905402 1.05555198213
0.958071781913 1.91853666106 1.05338250775
0.95673695404 2.09898126375 1.04815135338
0.956842578021 2.06468253796 1.04414979145
0.958522044937 2.02996256811 1.04153558946
0.961822304127 1.99510637066 1.04038773815
0.966747950172 1.96026826894 1.04074258265
0.971727770183 1.90822262903 1.03904987966
0.970478741689 2.0869719273 1.03363712842
0.970861674356 2.0513998661 1.02973396496
0.972876340388 2.01597790956 1.02736011847
0.976513333842 1.98071884461 1.02652734694
0.981754885493 1.94563400737 1.02723990686
0.986119190282 1.91073429455 1.02713630212
0.984456792673 1.87603071809 1.02124027142
0.984405267702 2.05465821147 1.01687204174
0.985964904593 2.01907485969 1.01405141319
0.989128097268 1.98365328286 1.01279134161
0.993879540955 1.94840235626 1.0130976614
1.00060184049 1.91333153934 1.01496895924
0.998541634192 1.87845093441 1.00898590163
0.998068783896 1.84377134433 1.00414484052
0.999185543984 2.24220880863 1.00086748502
1.0018865992 2.43311265896 0.999169223073
1.00615919053 2.3978339297 0.999058107681
1.01198341315 2.36270024498 1.00053466774
1.01272924083 2.32771817284 0.996884203428
1.01184673704 2.29289465279 0.991559290189
1.01253230863 2.25823701984 0.987813792988
1.01478277753 2.44887509299 0.985665717189
1.01858777133 2.41365220399 0.985125512431
1.02392996001 2.37857504722 0.986195820932
1.02701537091 2.34365016619 0.984940918617
1.0257345072 2.30888447102 0.979120895087
1.02600026277 2.27428526185 0.974895581079
1.02781143793 2.46465944046 0.97228576746
1.03115988938 2.42949198419 0.971304476458
1.03603071178 2.39447092232 0.971956640574
1.04139597027 2.35960277319 0.974238979464
1.03972769379 2.32489441683 0.966835335702
1.03958469611 100 0.962118306842
1.04096760579 2.48046528529 0.959034545334
1.04387035833 2.44535285359 0.957599830155
1.0482803282 2.41038745398 0.957821571623
1.05417860003 2.37557557886 0.95969862155
1.05382209751 2.34092407742 0.954708512326
1.05328110185 100 0.949487660105
1.05424650753 2.4962922192 0.945917460808
1.05671418582 2.46123440448 0.944016642553
1.0606736516 2.42632423571 0.94379529187
1.06468502589 2.39980879968 0.944756074763
1.06871628497 2.36948432575 0.947059929655
1.06730037384 2.47670369002 0.939260523588
1.06720078207 2.43835852638 0.934611480985
1.06852091161 2.39936929763 0.931490870702
1.07129930711 2.36004425476 0.93000122313
1.07554192524 2.32054532807 0.930189588838
1.08123750527 2.28095764689 0.93207197249
1.08146051316 2.24132603425 0.927604941956
1.08089016288 2.20167416507 0.922183479345
1.08178622582 2.16201462397 0.918456310672
1.08414606476 2.1223541859 0.916446069269
1.08796055309 2.08269658927 0.916164939404
1.09321460726 2.04304399291 0.91761489549
1.09565590014 2.00339774231 0.920787920824
1.09470613037 1.96375877344 0.925666359374
1.09520575626 1.92412782656 1.15543587746
1.09715281972 1.88450556047 1.15299565351
1.10053964733 1.84489261482 1.151928996
1.10535300806 1.80528964546 1.15223972678
1.10994042825 1.7656973459 1.15392673624
1.10862289001 1.72611646208 1.15698400538
1.10932972233 1.66676833258 1.16411420788
1.11092195705 1.63661163605 1.16889387311
1.11376897945 1.60200308174 1.41862538573
1.11800195007 1.56506563845 1.66893127096
1.12365571398 1.52691427364 1.67497029621
1.12261749602 1.48813487653 1.92536596025
1.12237799147 1.44903570257 2.17592969727
1.12353379338 1.4097793748 2.18234196248
1.12609255318 1.3704521821 2.43278426995
1.13004944178 1.33090550142 100
1.13539148178 1.29112318877 100
1.13674300145 1.25132915972 100
1.13611278503 1.21153006385 100
1.1368788312 1.1717295057 100
1.13903858884 1.13192950774 100
1.14258426119 1.09213128149 100
1.14750303999 1.05233563605 100
1.15094043495 1.01254319736 100
1.15006122282 0.982204419257 100
1.15004081658 0.947379518397 100
1.15118567196 0.910202141758 100
1.15535726923 0.852322813928 100
1.15982837327 0.813075643085 100
0.721593438935 1.97331427644 100
0.721616506745 1.96848800652 100
0.722421872924 1.94949009081 100
0.724857935161 1.92647460811 100
0.729295895988 1.89604469119 100
0.764321241815 1.86370910654 100
0.760287738418 2.03062069451 100
0.758172679407 1.9955690674 100
0.758082805806 1.96036669284 100
0.760058782239 1.925170477 100
0.764101305452 1.89006726997 100
0.802540545235 1.85510764824 100
0.798056275187 1.82032359922 100
0.795540996278 1.98732008235 100
0.833063580355 1.90683918753 100
0.87406362941 1.64208501076 1.28971525256
0.946977157251 1.76389334387 0.974915303941
0.980483616319 1.68342741573 0.932019813222
1.01829045743 1.41795742729 0.89393809194
1.06036334193 1.54127393446 0.860455687809
