100 2.01556443707 1.0
100 2.21469976683 1.0002860248
100 2.17656380261 1.00222574583
100 2.12983195526 1.00711784666
100 2.10468374722 1.00518277906
100 2.02579351941 1.00006928359
100 2.1911178796 1.00126853356
100 2.10744850925 1.00550623705
100 2.18813027127 1.00144314443
1.77337794243 2.04777221246 1.00068428693
1.25650185161 2.12734683075 1.00745582579
1.25040186531 2.2077610696 1.00050228624
1.0017354164 2.06694496656 1.0017354164
1.00502974547 2.14671669843 1.00502974547
1.00004787752 2.00707405728 1.00004787752
1.00326318982 2.08614923758 1.00326318982
1.00307722712 2.16613048729 1.00307722712
1.00007352683 2.02610237391 1.00007352683
1.00526637733 2.10540621633 1.00526637733
1.00160040359 2.18559148438 1.00160040359
1.00057916389 2.045188417 1.00057916389
1.00774215586 2.12471464583 1.00774215586
1.00060137699 2.20509847539 1.00060137699
1.00156406163 2.06433059234 1.00156406163
1.00639012274 1.65594278457 1.01188875049
1.00858363802 2.01671106448 0.991454596737
1.01938219137 1.8655831182 0.987810736359
1.02451541901 1.94247478996 0.980619570876
1.02841305128 2.0188737418 0.971971628352
0.994813154254 1.83850831098 1.00669877005
0.994573116537 1.98852387837 1.00620195983
0.993701816588 2.31330369293 1.01290555201
0.988382674151 2.17659318394 1.01712327492
0.98083301737 2.26011679586 1.01946310818
1.01152321515 1.48639246039 1.00445506753
1.019365968 1.80380319694 0.980827156727
1.04368879268 1.69643820656 0.972098708499
1.05150072732 1.76947117561 0.948538215432
1.07354288549 1.62867523408 0.944160249526
1.04358425113 2.07264933797 0.961707667064
1.04059305001 1.98120038108 0.976205577233
1.04902073651 1.83719070108 1.01550882565
1.24416815492 1.68303066951 1.02475606738
1.25405919872 1.52729239373 1.05952265987
1.75196422433 1.37184652868 1.10182184174
2.01312810492 1.21730345702 1.10815327163
100 1.0617295104 1.14478773694
2.29205323907 0.99024798144 1.19569491929
1.44183538025 0.959443450213 1.28511449548
1.44340957079 0.981713152508 1.15066239206
1.47165876519 1.05884066361 1.0154097658
1.68767764643 1.18150353934 0.923641499547
100 1.55134310716 0.894006171689
100 1.91981450075 0.89437960615
100 2.01873867807 0.899170095232
100 1.90163721003 0.912063561481
2.00541361915 1.98676714452 0.90790375621
1.23361566181 1.86441192157 0.918210125904
0.783735633007 1.35286690298 1.12895647352
0.783141365932 1.09824563637 1.17627427705
0.74218601275 1.23792587472 1.17738661685
0.745513242488 1.55324098023 1.16699937159
0.730674839896 1.42083999806 1.16546148399
0.728938044441 1.49920642426 1.1701954118
0.729194891521 1.57778551196 1.17655450201
0.718998475126 1.43622662498 1.17607600865
0.720194859223 1.51367312146 1.18259130332
0.713918721293 1.39558810491 1.18396072644
0.710097105763 100 1.18722448067
0.71383616239 100 1.19553658267
0.702544256831 2.49882918566 1.19576588864
0.697833812413 100 1.19870925333
0.703779618119 100 1.20822666706
0.690158308473 2.46951723276 1.20601460037
0.688334601793 2.31034847049 1.21062138292
100 1.57780888497 1.17126336513
100 1.48597865193 1.14924299547
100 1.34044427008 1.14163395002
100 1.18429779525 1.12881366434
100 1.11327465986 1.12764252998
2.21907488419 1.08187008813 1.17222535555
1.56930811617 1.07494126968 1.26467137528
1.37718938782 1.16581510384 1.2928714264
1.41696485 1.26259056031 1.1584299236
1.41684813803 1.19651290753 1.05294267873
1.42006093689 1.24976436763 1.04228520222
1.41446716039 1.32751205691 0.957488305419
1.41591748102 1.38081005785 0.889164267636
1.24690367415 1.23718728964 0.889412545919
1.24824474431 1.09568719852 0.814562869938
1.25489432008 1.21705463746 0.762758719457
1.2534539882 1.51809877514 0.751876258704
1.26195340586 1.38461863513 0.74490826144
1.26736699997 1.45963278919 0.732798942047
1.27944045054 1.53540200627 0.739401418561
1.04472869978 1.91048163899 0.971045999554
1.04214664849 1.62279451005 1.01975944629
0.989658859842 1.49214900665 1.02591733446
0.985046771691 1.5442972847 1.32380371788
0.925854660748 1.40088960939 100
0.87466909558 1.45199730722 100
0.867502022329 1.30712190246 100
0.809076259802 1.16601190476 100
0.808975892713 1.29369353686 100
0.776725593654 1.43128372406 100
0.774021360862 1.2834452968 100
0.783465080197 1.126416965 100
0.776266612422 1.05512631932 100
0.826072392169 1.02417695037 1.97826740322
0.937924372496 1.03893536682 1.73298517285
1.14674455594 1.24115734131 1.91929511649
1.04570027737 1.3380205415 2.32044079685
0.96176370028 1.21263283898 2.08373257612
0.953352092559 1.24131790081 1.84456144661
0.861957848448 1.06952890981 1.60291133744
0.789648187182 1.16942368915 1.82976019187
0.782251378191 2.00556695708 100
0.838442622033 1.75868380069 100
0.839310153359 1.81837537729 100
0.900615643237 1.67838464365 100
0.913725494449 1.53905589271 100
0.971470347421 1.55211113476 100
1.0313948418 1.41193113538 1.27403265531
1.04700138912 1.45373462905 0.969848389983
1.10094147496 1.31242507935 0.966593938159
1.1618483674 1.35575816605 0.899727015481
1.17510542748 1.2132032585 0.840638200156
1.23066129086 1.25829938237 0.836011358521
1.29233921896 1.11434642944 0.769359335297
1.29449359867 1.24320432942 0.770767166982
1.28434427225 1.55400493269 0.732153622641
1.28185289606 1.44232452222 0.718147844162
1.2894675252 100 0.72101083399
1.29107144355 100 0.712813015774
1.29406694066 100 0.707002418614
1.02937978439 1.85203466848 1.22206228203
1.05066707318 1.56692769352 100
0.990122743927 1.45875392198 100
0.987586882307 1.32547397082 100
0.921403330693 1.3691123827 100
0.862989701276 1.22796001099 100
0.857929267145 1.22934593406 100
0.792150272383 1.07401892048 100
0.793245811245 1.00442097916 100
0.75151340543 0.972922349608 100
0.782643864301 0.96446532712 2.03111858328
0.884321176194 0.993708033971 1.79182628539
1.03721337715 1.08238231314 1.79188558026
0.995002491825 1.38438371851 100
0.948444072787 1.49158961418 100
0.920081510011 1.56101526168 100
0.907086300772 1.59628624417 100
0.868688507869 1.45344197834 2.2372753888
0.839603961496 1.51480921407 1.73728312672
0.827297264569 1.37142933618 1.47865821534
0.790762026761 1.43295403287 1.47418614833
0.79227531855 1.28934160903 1.26967161414
0.747768905479 1.35111348573 1.26851236123
0.713490241642 1.20725546245 1.30635882572
0.711689034971 1.26930905829 1.31398102114
0.668569671683 1.12517496247 1.34705977323
0.655175172184 1.47757666989 1.35148909957
0.695727688126 2.16859051598 1.33677758848
0.689796853824 2.23623012943 1.32647870839
0.728735395191 2.09697245053 1.29141907725
0.737304298142 2.15628743857 1.2627004218
0.76793173596 2.01528323907 1.2476554389
0.808881058338 2.07433203501 1.21399597805
0.81352691225 1.93320036681 1.20784710982
0.846737612507 1.99230170698 1.16901829416
100 1.23628639107 1.19849605425
100 1.14422028099 1.20437184188
2.19361375592 1.08319397869 1.22679856104
1.53013125845 1.05700249182 1.28756232749
1.33015094207 1.06200003584 1.42959788211
1.32722946124 1.12359830551 1.26611806178
1.32627836463 1.1026985344 1.26308581566
1.36167961677 1.20148906875 1.12213449318
1.35846795087 1.29263414186 1.01284765577
1.35908432808 1.16175452358 0.917208280544
1.36945839516 1.23030712261 0.905945985636
1.37189569018 1.31925740307 0.831302498164
1.19613324967 1.18419174899 0.77506445708
1.19103196266 1.31829669476 0.770329052299
1.16863602133 1.63382443903 0.746099665286
1.15350599842 1.50016711646 0.744742972201
1.15826671003 1.5803247618 0.74859400905
1.15530745459 1.6605445689 0.739884522295
1.15948583003 1.51885234978 0.742282053007
1.16106917573 1.59798462358 0.741258960969
1.15987570329 1.45765863958 0.735237917271
1.16575291107 1.53588085665 0.740353200638
1.16309466387 1.63828994015 0.733192258406
1.16582012136 1.50116478749 0.733460331396
0.804779145467 1.17104536561 1.10765870563
0.800768539003 1.14896280744 1.1606870865
0.798843132794 100 1.11976910887
0.80080590392 100 1.12382227917
0.766325707064 100 1.13318827423
0.755152431482 100 1.1415611461
0.753090479775 100 1.15707677058
0.734252780829 2.47494693002 1.16150536599
0.726607529996 2.31610846576 1.17316081627
0.719430580713 2.15725408669 1.18543466042
0.953167362517 1.99846178791 1.19185863538
0.956609395791 1.83976429298 1.20522002801
1.46805612148 1.68119184882 1.2144329593
2.2247189244 1.52278421859 1.22266512198
100 1.36459894365 1.23763123289
100 1.20672350033 1.24393219654
100 1.04929775431 1.25388443748
100 0.978791727712 1.25868205333
2.15659237188 0.953045124555 1.33940051353
1.55010076068 1.00767475333 1.27965339753
1.38091796257 1.10281379022 1.12031336878
1.46651176151 1.23552784879 0.995746568285
1.46491690978 1.14976823424 0.908048618419
1.46538965261 1.26895482897 0.906851814774
1.45072986984 1.55892328397 0.854160867928
1.44071104777 1.42599635313 0.823200607318
1.2277810493 1.51762289506 0.806774259886
1.21649165921 1.3814746224 0.79941802245
1.22510426217 1.44986743084 0.775540211828
1.24421286737 1.49120266454 0.757103274785
1.26579915924 1.34823354667 0.750756061935
1.27558382337 1.4174038792 0.725519369498
1.29228965392 1.27486922603 0.734229039327
1.31534047121 1.34360989942 0.700390561387
1.32241500626 1.20159726611 0.677650943093
1.34074592258 1.26985889336 0.682436340536
1.35593301945 1.12844306606 0.650456269255
1.36434687656 1.27568893661 100
1.34859615745 1.84368672485 0.652132898507
1.3391522285 1.94498016838 0.676500062025
1.05741577392 1.52382994169 0.958301019323
1.04612592973 1.46317293245 1.01770771806
1.03200233031 1.33519149363 1.10463135999
0.947930696461 1.19685401029 1.11363241677
0.941409781809 1.28876009494 1.12815277929
0.873547563547 1.37933829085 1.1899018525
0.875711221108 1.24457065184 1.19665120899
0.806063480188 1.10546513507 1.25585562642
0.758277037698 1.42328375665 1.24384498082
0.75493990237 1.5337914705 1.25330593162
0.748261973145 1.61900192847 1.2559637737
0.742242654503 1.47886527568 1.25868622627
0.748985304967 1.55640019802 1.26803602665
0.734759848775 1.41613002513 1.26685786842
0.731615733787 100 1.2712896421
0.733707686726 100 1.27871134752
0.72203422714 100 1.278268103
0.721678338414 100 1.28425689075
0.718992178999 2.41494108686 1.28891664528
0.709966071181 2.25571384516 1.29006527613
0.712484049591 2.09650716127 1.29757864698
0.707646234198 1.90549353695 1.30225661555
2.1588749473 0.911752464363 1.09644012882
100 0.911752464363 1.0464503944
2.36152065316 0.911752464363 1.05495777158
1.47039299318 0.934062961741 1.12063079186
1.45356155361 1.00239092492 1.20411372743
1.45409031824 0.974768546153 1.04948831447
1.65308922016 1.07747570709 0.930985976561
100 1.428431831 0.866043393845
100 1.57353907031 0.855231338469
100 1.6607348733 0.84377570809
2.23362397859 1.52245325759 0.829798415083
1.72235726167 1.59411594738 0.828034623139
1.212627213 1.45346485193 0.806655352193
1.20730896607 1.5239057367 0.795390245216
0.978477210058 1.59650727296 0.78930460954
0.980163465604 1.45369562582 0.77017053703
0.994995365381 1.54882842549 0.774746098075
1.00751868369 1.38284060655 0.751043816868
1.0157179937 1.45497650574 0.734325503936
1.03217657501 1.3137725228 0.738379732479
1.04128822987 1.38463719691 0.713196507486
1.05176990453 1.24418918916 0.699267532413
1.07006302175 1.31429566012 0.698839436719
1.07581792814 1.38694338166 0.675951777088
1.08830483569 1.24412370147 0.665071090021
1.10403044219 1.31616497373 0.659682420466
1.03670111477 1.327973766 0.732177684971
1.02856771441 1.68603185162 0.722097726022
1.02904858141 1.78339899418 0.739369992698
1.01486620792 1.64503187392 0.736090430975
1.00897409973 1.73040533012 0.745628616503
1.00418053432 1.81601043581 0.75660132077
0.992096443541 1.67573002133 0.757938329875
0.988302039763 1.76044271036 0.770134439058
1.42272753315 0.602853682635 0.602736726413
1.28415716823 0.783249362017 0.488199305407
1.28413886799 0.994246731718 100
1.28413886799 0.994246731718 100
1.28415716823 0.783249362017 0.488199305407
1.28415716823 0.783249362017 0.488199305407
1.28413886799 1.2200711307 100
1.27801527396 1.82019395605 0.48987733151
1.27054816186 1.88005933395 0.550202346877
1.21110594783 1.76371435532 100
1.20620951482 1.81423562612 0.614295508609
1.14150304146 1.67149725158 0.683100037149
1.08313081944 1.5309865796 0.684651237541
0.724237680801 0.830833205614 1.18026868881
0.724237680801 0.830833205614 1.18026868881
0.724237680801 0.997766680127 1.10126275037
0.674369891611 1.63134973112 1.07588341047
0.710691037291 1.55715639987 1.05956408165
0.779568204745 1.45101666957 1.04580258349
0.780018041019 1.49956026989 0.988392269327
0.843448314561 1.35850326638 0.97657915809
0.914879114058 1.40227754912 0.912405779083
0.913711986149 1.25853401137 0.912980361941
1.29869893188 0.75170463307 0.605268516394
1.22285824588 0.938773924609 0.605268516394
1.19546880486 1.15001439455 0.554604907195
1.21979876916 1.73502991159 100
1.29397921261 1.5040489792 0.612812271317
1.18760730384 1.35126272264 0.716443384438
1.08169591266 1.33665544673 0.825072831112
0.982346478093 1.19251344631 0.837684007524
0.969158945791 1.08985824849 0.934829445589
1.09227462577 0.93129860913 1.05943339342
1.26063391025 0.905464072836 1.39733792656
1.25593139339 0.87561912129 1.40163416201
1.07284447914 0.847471023789 1.40480883629
1.06969106483 0.818044451232 1.23790388806
0.549168558468 1.0410159214 1.21663125557
2.29084713571 1.0410159214 1.21663125557
2.29084713571 1.26164422852 1.21663125557
2.28123068955 0.959305318472 1.22028837135
0.524032658133 0.90522334372 1.24902615219
0.519168634785 0.880149031981 1.25030372852
2.26743259344 1.31062602838 1.2338712571
0.550852617647 1.84524451175 1.26944567887
0.626137379682 1.71808780486 1.20262437465
0.626400040153 1.58030511687 1.14161654041
0.69318063644 1.61928967747 1.1269795711
0.769356738808 1.4771068925 1.06015947768
1.02109011633 1.00058480303 0.885159798369
1.02209281772 1.15183197879 0.802440312586
0.971681820675 1.31952706787 0.802287731793
0.974237403922 1.65753345867 0.777225195849
0.97800999981 1.52819685768 0.777258912272
0.981664806689 1.60825694757 0.7775652231
0.979500959745 1.68789446603 0.770502677104
0.98576510283 1.54695880294 0.774134638857
0.985596314739 1.62536478733 0.769576585918
0.985533021235 1.70497519733 0.765126885028
0.993777220219 1.56325240116 0.771383585037
0.99009251754 1.64208287786 0.762245561727
0.992048469574 1.50171955283 0.760388647361
0.999379969104 1.57968302159 0.765562980172
0.99508614377 1.65893853923 0.755525255824
1.00078424957 1.54018277585 0.7593153722
100 1.21804545046 0.743852066196
100 1.58194807266 0.746310127079
100 1.45711137696 0.735792016889
100 1.35219973383 0.739381586186
100 1.19368504583 0.731011831935
100 1.12215571115 0.737951382076
1.98804088265 1.09077278592 0.807495005521
1.56190330788 1.11459245814 0.938621279907
1.54655241372 1.19679384976 1.11102515668
1.95144158665 1.45782252722 1.18393674316
2.16096642883 1.57048043706 1.09581578417
1.91451274934 1.44271568038 1.02678675958
1.66965819616 1.51074290778 1.02446493763
1.42335160476 1.37079632045 0.952377404939
1.41979534852 1.23004315971 0.887947723344
1.25571723507 1.2699270743 0.880681139879
1.25250104987 1.12652657948 0.809064726351
1.25710314032 1.25032089718 0.809159711388
1.25193351523 1.55398051932 0.765868729839
1.25611974621 1.41956901337 0.745709470408
1.26473014889 1.49504262611 0.738079819899
1.27654022351 1.35460032253 0.735924601978
1.28041107282 1.42790215157 0.719892890789
1.29074406142 1.50312807656 0.715238526609
1.3038341833 1.33267704697 0.711076651777
1.30715921229 1.40662599611 0.693586078453
1.03106901083 1.79274713715 0.970024254187
1.01890013433 1.51408524598 0.996673970406
1.01308658487 1.57494411802 1.0488638273
0.956068468681 1.43435463864 1.06194585057
0.902732969024 1.4559161851 1.11291164182
0.897590468666 1.31269984537 1.16568427962
0.974618532036 1.54045814105 1.16138311232
0.92819583178 1.66693537165 1.09525336333
0.965331875755 1.73735354982 1.05057862337
1.01304054561 1.59874492557 1.04862005822
1.01886570082 1.65441790392 0.998872861336
1.00761042587 1.94390678119 0.998844183903
1.01170366145 2.32819350704 1.00433054106
0.99032904013 2.43233142318 1.01107325439
0.978220097162 100 1.02507737927
0.96839773965 100 1.04754897589
1.04186567086 1.39860987902 1.01981740385
1.04311817111 1.50393619442 0.972923244559
1.05815605786 1.57110486822 0.972592794639
1.08882326448 1.45509798664 0.926786687688
1.37712529977 1.51681321431 0.892011181707
1.3879589581 1.3761686726 0.882171113561
100 1.43350881594 0.840220714683
100 1.29157825871 0.843372645451
100 1.34908910976 0.793922169839
100 1.20677296602 0.753834367086
100 1.20742781282 0.752013192318
100 1.05645135886 0.706757761147
100 0.987285097706 0.70733148608
100 0.960584783713 0.690980515793
1.82505311013 0.948894115038 0.753612654122
1.77553211311 0.992729601036 0.883518830306
2.14557474119 1.24077334825 1.04318677572
100 1.33033994406 0.954172514507
100 1.22233164159 0.886333394156
2.05636459364 1.26745682785 0.87682160668
1.80859480836 1.12364179006 0.801693851036
2.0288802448 1.24788543996 0.800137296234
2.48083761687 1.33766192333 0.754140475321
2.21782421644 1.43831061314 0.732083948181
0.91198111926 1.52237713975 1.0479872999
0.914192615877 1.26549710056 1.0535655482
0.837994922653 1.1388627771 1.12151875963
0.779067339493 1.21516718392 1.13354183974
0.770966708939 1.12183759723 1.14537005184
0.729734904636 1.21677381712 1.1660728216
0.728209940256 1.32959689367 1.18440616509
0.701037865172 1.19845473587 1.19487989772
0.707479332091 1.55415995435 1.2068231832
0.704942434457 1.90922155379 1.19071015351
0.734670545418 2.00134190105 1.17789437358
0.74539785784 2.06642839726 1.15076153047
0.768104489736 1.92509231643 1.14535678516
0.801415978953 1.98862942844 1.11273543487
0.807691352597 1.84712439092 1.0873577693
0.833236305535 1.91048282072 1.07899570824
0.868343724744 1.76910096568 1.04786647622
0.997573149391 1.90683033705 1.15571496002
1.00185195719 1.84024954294 1.15935642502
1.26229662561 1.70011734957 1.1700474487
1.77075022438 1.54547404321 1.18450565388
100 1.38813439516 1.20647016184
100 1.23054136798 1.21429586212
100 1.07331112816 1.2311780188
100 1.00290031615 1.26107947763
1.73949744604 0.979674040649 1.32911584649
1.3785732413 1.01381391842 1.27990699961
1.38073444357 1.10732672217 1.12080933911
1.37803318963 1.07879412181 0.995006550672
1.4671697313 1.39095209015 0.91472103197
1.45147178831 1.49943010296 0.876362318394
1.4366253854 1.36850141635 0.868374858574
1.2491044125 1.42875862618 0.826981837806
1.23261007051 1.28681166866 0.830433076001
1.23650834898 1.34533980819 0.781563751518
1.27482418164 1.22519386466 0.745295081304
1.10865141538 2.47685960867 0.892576281529
1.10764812188 1.96106400576 0.908031403426
1.08487161957 1.83340798748 0.91560935922
1.08211470227 1.90050047186 0.935364357391
1.05344600575 1.96803270547 0.964170014263
1.03247605767 1.82613541274 0.967563102958
1.02626723046 1.89296198725 1.23894193341
0.999235955515 1.75126783182 1.25405867805
0.98036646214 1.78120782392 100
0.970727673189 1.62313555293 100
0.945489500095 1.46534264831 100
0.928970314416 1.30793038182 100
0.915512182872 1.15105495891 100
0.904392268575 1.0686020709 100
0.950760707759 1.04899114882 2.30350816248
1.05368864085 1.04064796458 1.65297244277
1.20026037879 1.08987622853 1.63365970474
1.10701902853 1.31011336076 1.8265387345
1.10340111893 1.24340112604 1.81727949762
0.995239159701 1.11747940499 1.59132709086
0.9119642921 1.21067902546 1.58361850373
0.861458233801 1.27623211928 1.78091073691
0.850995062959 1.3331387957 1.52494659803
0.79905287381 1.19299844907 1.51009600651
0.796716185838 1.3242643647 1.50819125546
0.773364445847 1.6616763058 1.49362262346
0.776619499503 1.72613607817 1.47512631487
0.783135118893 1.61034773749 1.23248285167
0.780866860441 1.69645135656 1.2191717756
0.789906679974 1.77971753681 1.22009999457
0.792919273783 1.83444146101 1.21614501851
0.790435714526 1.69334352101 1.20957060877
0.801067767864 1.79801542134 1.21238953966
0.796894672287 1.66236888599 1.2048180365
0.800485370299 1.74477935246 1.20224010818
0.805600784163 1.8500955305 1.20146506839
0.804386668132 1.7137765824 1.1957981098
0.81406407276 1.79659820079 1.19735340711
1.13650971755 2.36502916978 1.00080847183
1.14357112073 2.28015685976 0.917981724015
1.22165905167 2.14182193372 0.915988543467
1.23339605244 1.99232122283 0.831622345913
1.30728842797 1.84198749995 0.843494347877
1.38644990849 1.69280653368 0.985267933279
1.39741303505 1.54555898955 0.995331319169
1.47204464994 1.39302569386 1.46360908737
1.49123705724 1.24054198888 1.70668614093
1.56167596169 1.09002714751 1.95107373798
1.63475817255 0.982224591987 1.97158608503
1.62990536923 0.959056042632 1.77066295127
1.42970698714 0.935410826538 1.5815902316
1.24499758567 0.980272851652 1.41484744077
1.08154248416 0.950725979361 1.41877891677
1.08005686012 1.04169361262 1.28757478709
0.945675810564 1.0188237774 1.29042360623
0.946061048475 1.14799073981 1.29126079098
0.851366592122 1.12571606096 1.28993907925
0.818635161529 1.50718041727 1.45593875679
0.825751631703 2.08999396363 1.68672985797
0.832944753891 1.96120876223 1.41768608555
0.852704886249 2.05124825871 1.41175139826
0.857128305757 2.0581189117 1.14442061744
0.869789742601 2.1281415876 1.13298517673
0.891799409539 1.9886011371 1.12486424141
0.892323780685 2.05804021007 1.10792116266
0.907322381744 2.12917705335 1.0984266506
0.919944871212 1.98804685518 1.08704424777
0.928175496373 2.0587403166 1.07188421514
0.945305540706 1.91819616253 1.0644660464
0.954009705035 1.98841058336 1.04960911506
1.86462603042 1.54531194573 1.17326937602
1.38743959681 1.47875656988 1.17986978771
1.88589374033 1.33873078339 1.21371275826
2.3860162081 1.18428857024 1.22300386046
1.9332495588 1.102242949 1.25403091117
1.49582057955 1.08379872909 1.31841665847
1.29659181472 1.08105011795 1.46340843534
1.2944767499 1.13141203459 1.29792700281
1.2948479539 1.02659701611 1.46170817555
1.48757889742 1.00226563715 1.44831575757
1.49207671458 0.972848209807 1.45176356547
1.31117304389 1.01302217125 1.26954835935
1.31071830754 1.10472284197 1.1117860407
1.38032970079 1.23119564756 0.987206086881
1.37498231309 1.32000863285 0.900094620285
1.37504052983 1.20830442376 0.902896079716
1.22177544306 1.07184407296 0.818897514861
1.21692206182 1.15013805077 0.749337207827
1.41331972679 1.55029718715 0.745269060447
100 1.92558509737 0.746789584039
1.37534719907 1.77314606517 0.78507309207
1.09224921358 1.83159959209 0.832412313269
1.07976170639 1.69074732375 0.83368847298
1.03716655576 1.7187714509 0.874151033108
1.00193657201 1.57788286736 0.919632704107
0.991083403663 1.63394028005 0.923821127841
0.949601873596 1.49279092144 0.962479789465
0.886005615845 1.97171370902 1.01234006667
0.889791583345 1.63588786968 1.02144496893
0.871333055245 2.45903270654 1.02386914131
0.863401996754 100 1.03868574837
0.850786837425 100 1.05047799343
0.835453163065 2.49941214435 1.05979424903
0.83559375933 100 1.07692283248
0.812774282729 100 1.08527463109
0.799924627758 100 1.09665762333
0.795980020242 2.38021311112 1.11552063906
0.775302944258 2.22116382859 1.12067862942
0.781654991237 2.08760920727 1.13367173461
1.00505329996 1.93373752736 1.14418033097
1.01587172975 1.77587151654 1.15443295207
1.77062507672 1.61728839334 1.17196318512
2.28186523603 1.45866904144 1.17919057737
100 1.32554306691 1.19079460613
100 1.17230985552 1.2029994288
100 1.10206056735 1.21022662787
1.70712517739 1.07210329402 1.33988874885
1.3224240763 1.12698587333 1.4630917836
1.32348695665 1.0981026054 1.33477688189
1.50341744138 1.01264763561 1.47485999489
1.50577749627 1.05169486895 1.32624032881
1.33496064319 1.02359640249 1.16728019359
1.42212230966 1.24759511491 1.04025558211
1.42305659931 1.39543092281 0.956361420726
1.41263657445 1.49790784143 0.909953744491
1.40622776493 1.36563031263 0.898707146629
1.22396685237 1.42077781955 0.84800485446
1.21704044651 1.27693089704 0.847743080129
1.23081322105 1.33111259465 0.789654629204
1.27526713119 1.18589792741 0.740759860928
1.28238037758 1.32323000875 0.735922652957
1.28155209942 1.64448325868 0.718919475192
1.281287198 1.51128470802 0.725321777766
1.27837785991 1.5943964321 0.728449914607
1.2729014848 1.67730080441 0.727241051988
1.27389725395 1.53678385752 0.737330425679
1.26801451644 1.61853220649 0.735491666057
1.26411248149 1.7011821388 0.737098115214
1.14848484019 1.73291002862 0.851602648829
1.14626118923 2.04342116357 0.857099237045
1.13429554069 2.12884568484 0.868481156625
1.12428272264 1.99163027241 0.892644889149
1.10580358286 2.06089917206 0.894315600078
1.09019233598 2.10280657094 0.91220600659
1.08082101503 1.96109085783 0.935330932832
1.05975212303 2.0022530044 0.942799677536
1.04546032878 1.86155449959 0.956206879707
1.03750422195 1.93030198614 0.978176182274
1.01579649286 1.97223648108 0.987619367385
1.00076263589 1.83026318565 1.00031154893
0.994351189645 100 1.02122029133
0.973071842201 2.44197891453 1.02813512582
0.960229055589 100 1.04296726165
0.950194964415 100 1.06561535658
0.930855887249 100 1.06926574721
0.93248637231 100 1.08606436309
0.906423868995 2.42342615845 1.09978928494
0.889221082399 2.26544305889 1.11094294056
100 1.25587502829 1.12408552252
100 1.16365574071 1.09155073136
100 1.10235715156 1.08854214838
1.56761014385 1.07567714456 1.13326638265
1.34984345912 1.05299593189 1.22690176434
1.31847714702 1.09241560913 1.33942643158
1.31909788483 1.06471291288 1.33849999734
1.32218716282 1.03586372629 1.33659684806
1.33385876786 1.01261682424 1.3731486962
1.33646949805 0.934735489241 1.26853714562
1.34177741928 0.910145942958 1.37298179925
1.34365919426 0.934668951296 1.31472857605
1.34876604194 0.904758715022 1.30877902541
1.35050275945 0.875305918046 1.12745845738
1.38417231411 0.952518950782 0.974349103382
1.38365773901 1.0701812051 0.860887269421
2.06545246189 1.44203385809 0.807199982192
100 1.81475542688 0.8119581554
100 1.68949458818 0.803318010715
2.22017256662 1.77361708796 0.808612153153
1.20185826273 1.82765896333 0.813789090603
1.19243490517 1.70923924124 0.807607931902
0.946520027485 1.79484954121 0.815439039388
0.941197793146 1.65576863484 0.812421705099
0.938687885944 1.73624816974 0.812694453947
0.944824794847 1.81756118453 0.822920471181
0.935710404755 1.67729659183 0.815613945565
0.935335909716 1.75776251361 0.818348067399
0.937778400674 1.8391758247 0.824279573391
0.930741584983 1.69863444989 0.819424544238
0.932506631457 1.77925513298 0.824568677807
0.931217718959 1.86079976581 0.826244230342
1.01001314751 1.20728435031 0.81901929248
1.01181077563 1.32633920151 0.758264488277
1.02383719209 1.21935233546 0.726662565368
1.04728068753 1.28947217037 0.726091015353
1.07968437687 1.14885956402 0.688578116267
1.07976294989 1.29234717166 0.69109650549
1.06810501927 1.85288458095 0.68278934725
1.05520525665 1.72011950716 0.70103897278
1.0400336965 1.81193358994 0.732362158266
1.02035058398 1.82024231249 0.729713580248
1.19070614544 0.942978209692 0.638907517288
1.16620317815 1.1497648351 0.58391273982
1.19468764983 1.70258221919 0.631431199578
1.27313972122 1.46986713257 0.747601094214
1.16289944502 1.34193614803 0.741246180646
1.05661546586 1.20365943228 0.855550308939
1.04361635069 1.21040502771 0.865530246625
0.931050481518 1.06534625922 0.972893616003
0.835101351122 1.71229715879 0.937774815383
0.82690778424 1.84305394836 0.932822480314
0.831387658929 1.71445238062 0.921890631384
0.838782362303 1.78989014142 0.913049968298
0.856221394853 1.86508625408 0.911668698438
0.854796895837 1.72337933078 0.896076409086
1.1523988842 0.883471504405 0.756339109943
1.03152370552 1.24278072577 0.756339109943
1.0357205538 1.61459125544 0.717553895931
1.03626071624 1.48947820909 0.717507542466
1.03903361337 1.57307186784 0.722548630855
1.03382191437 1.65518032055 0.716249934626
1.03661643266 1.51345042322 0.72149943136
1.03560307765 1.59411210279 0.721266551641
1.03232990488 1.64707568822 0.718034697984
0.826890200352 0.92543300551 1.08734281188
0.827088308287 0.909480214377 1.18892869197
0.723720270253 0.882254098265 1.09635886319
0.723211100215 1.05002238105 1.09698305208
0.692569756785 1.46170609952 1.05913484615
0.727008712954 1.78593187473 1.05105820463
0.721182840936 1.86141391786 1.04976802619
0.754391270784 1.72185986604 1.01510085422
0.761714234672 1.78584075735 0.988470755273
0.78694449934 1.64407546956 0.981992053157
0.82234071175 1.70750492972 0.949013020548
0.877863979929 1.53391694426 0.942172574186
0.855451812533 1.68190368459 0.901484973915
0.863212689222 1.77008206626 0.887927771358
0.883033215452 1.63149153769 0.884736184645
0.886011191869 1.7037798599 0.865149578459
0.899695273538 1.53488540224 0.851172691877
0.918503639248 1.60542269113 0.849409844571
0.923229943445 1.67800339683 0.828631689096
0.935266015616 1.53557009515 0.817687745883
0.956002256216 1.6076214487 0.811815397596
0.957119853607 1.4658914901 0.793218966766
0.971321541024 1.53736070793 0.784982177935
0.983726178147 1.39641775718 0.774636846767
0.991601549456 1.46723956384 0.758440670446
1.00780884503 1.54027592273 0.762371982427
1.01654542962 1.39727907219 0.737936556812
1.02661529396 1.46976736321 0.72438821085
1.04468268337 1.32750463431 0.723982979063
1.27122812663 1.29558098667 0.752569139658
1.26846887703 1.67169822643 0.73154175201
1.27007243002 1.77302156676 0.745920689977
1.53382014934 1.63607464898 0.745692817033
2.29323556274 1.54843458574 0.753222260261
100 1.38941207744 0.771604393759
100 1.23032171812 0.76641908449
100 1.03948249978 0.775858653941
100 0.987708053902 0.777734392702
2.00549678249 0.965403578944 0.811265825046
1.59949360129 0.9831158663 1.05826297431
1.61154766737 1.06461727589 1.05831501973
2.03445014579 1.35844742038 1.00000537991
100 1.48579209116 0.948910597608
2.45181910261 1.55866492509 0.94971621246
1.9579177673 1.44314030799 0.904389927378
1.46055495836 1.50650166518 0.870669783037
1.44320831745 1.36543411655 0.86178759671
1.24981183431 1.39543370266 0.81916513234
1.23721897896 1.25385284191 0.784354276767
1.24505861773 1.31186631566 0.777769223543
1.28066925402 1.16999283048 0.73492850833
1.28512496481 1.30843911465 0.735111225719
1.2805921698 1.65631577772 0.719478856249
1.27465775781 1.75304747464 0.734921536019
1.26202456627 1.8425689736 0.742139803919
1.24997155918 1.9308868769 0.75093258866
1.08458975364 2.06915329003 0.915559173024
1.07567250966 1.80158364846 0.946239686038
1.06656527826 1.64936370795 0.957275365354
1.02196977544 1.70743191677 0.993594817783
0.985245436546 1.56591594509 1.03833583157
0.913821971759 1.80689325511 1.08979449135
0.904599448714 1.53778762641 1.09544193571
0.897099714058 1.61772460902 1.11969502432
0.864582566484 1.47815774558 1.15432017903
0.865778070514 1.54221790374 1.16013862836
1.0133283261 1.37951581789 1.1233829506
1.01105874898 1.49094852482 1.05606310817
1.0202950367 1.52114153996 1.0500874644
1.08197436126 1.40259734481 0.979826654728
1.09683919583 1.2668530663 0.918757593226
1.03295570401 100 0.96726292635
1.01616376554 100 0.999874145611
1.0037041789 100 1.05838519831
0.94631543639 100 1.0692493917
0.936768181386 100 1.12661628947
0.872437301138 2.47484642941 1.19072478044
0.875998976186 2.31987083884 1.19959396426
0.805728802261 2.13468184261 1.260485435
0.738781286911 1.98122457233 1.32302717942
0.748910421888 1.82877602817 1.33433450856
0.913253246945 1.67761271714 1.39215206905
1.21837960187 1.07321861366 1.36278715412
1.06383605804 1.05255270853 1.20744852138
1.21933812906 1.02496838707 1.36210249886
1.39808318477 1.00217665014 1.35937130305
1.403273754 0.972341011177 1.35328055629
1.23927692617 1.03813723789 1.17913242022
1.11256237864 1.00880092782 1.03314128083
1.11454045252 1.11864299036 0.925844282978
1.04256780506 1.45932418405 0.870674672288
1.0420254121 1.5774972052 0.873513949586
1.05462010039 1.65883242894 0.845668716175
1.06635804605 1.51875263693 0.829242178549
1.08603811219 1.56065082215 0.829331865381
1.09917937644 1.41967092558 0.801956912655
1.11073005307 1.48863016548 0.784560343796
1.12973108778 1.34828211769 0.783743759414
1.13957467066 1.41663050567 0.758361238236
1.15310831703 1.48756797696 0.743646133974
1.17376632872 1.34473844742 0.73848095096
1.18054704867 1.4152012045 0.715338139733
1.19591666697 1.27297555535 0.72543956367
1.21722502503 1.31427141556 0.695961968288
0.852027201554 2.22396450108 1.11145521508
0.852134169269 2.13784702584 1.18812502763
0.754717982084 2.00408646676 1.28377270468
0.758831771169 1.8626821265 1.2945815299
0.885004085304 1.71662698062 1.38677036468
0.886371043311 1.56852219451 1.48328802354
1.12562719367 1.39395068569 1.49901322459
1.57600753691 1.25217929088 1.58964785724
1.81007142215 1.10296020636 1.68421036231
1.82621707455 0.994643259355 1.7793773238
1.44598826766 0.988516933327 1.38309627722
1.29153713245 1.05214664793 1.06964840206
1.17284304491 1.16622172881 1.06729008631
1.17451665043 1.30470909786 0.962073088349
1.16672766247 1.40267682713 0.89819150103
1.14289243491 100 0.880033886693
1.1441593595 100 0.855945569971
1.14982731692 2.39126422777 0.860160850478
1.14799070318 2.4749625948 0.855286535105
1.14813108945 2.33604432897 0.853101146261
1.15534698287 2.41601595304 0.860432351689
1.15013337461 2.46822400914 0.851036058664
1.15205414049 2.30896753794 0.851247440509
1.15622208637 2.14972122006 0.854506131057
1.15274406495 1.99049238108 1.09738162972
1.1563830829 1.83128657604 1.10959586153
1.15752391646 1.67211058777 1.87466836971
1.15577302885 1.51297386887 100
1.15899218072 1.32208161944 100
1.16149922273 1.16309078339 100
1.16254551567 1.07947061794 100
1.20387186161 1.06002273173 1.84523790829
1.39385291054 1.10010816947 1.44061744077
1.23942011694 1.1741937566 1.46474357325
1.11523626855 1.28719505951 1.465297619
1.11308413122 1.22243183086 1.461145182
1.00050976482 1.09697366642 1.46176135389
0.904517746419 1.16074913076 1.46968636869
0.900893382347 1.30470906617 1.4710726095
0.840075974128 1.21427404885 1.46909356171
0.834431790256 1.27069223121 1.3029467884
0.769497174687 1.12862392504 1.29287893457
0.769454761157 1.25863414592 1.29402592327
0.7309554059 1.37779733962 1.28474735228
0.722762212305 1.46356454245 1.27780361535
0.731007885805 1.5433413475 1.28663360855
0.71561308652 1.42506851016 1.2847206028
0.716011264294 1.50700303259 1.29066945867
0.715934355772 1.55801258165 1.29765424476
0.703666086138 1.41613170269 1.29681218619
0.703021588321 1.49375525201 1.30232793702
0.701465181312 1.35308585042 1.30733209603
