100 2.01556443707 1.0
100 2.21469976683 1.0002860248
100 2.17656380261 1.00222574583
100 2.12983195526 1.00711784666
100 2.0788159572 1.00262407617
100 2.21892945634 1.000183919
100 2.16323591612 1.00333795153
100 2.05183675616 1.00086726824
2.28229345773 2.13168656924 1.00687074298
1.5165252015 2.21219062657 1.0003572309
1.25163307766 2.07130255266 1.00204059853
1.01187336944 2.15112424377 1.00454440378
1.00001154678 2.01139342913 1.00001154678
1.00367680227 2.09052121345 1.00367680227
1.00269972907 2.17054933448 1.00269972907
1.0001463118 2.03043509907 1.0001463118
1.00578767082 2.10979002829 1.00578767082
1.00133133452 2.19002089676 1.00133133452
1.00076096031 2.04953403884 1.00076096031
1.00721522852 2.12910995607 1.00721522852
1.00044112229 2.20953817085 1.00044112229
1.00185460848 2.06868875386 1.00185460848
1.00483265139 2.14847963643 1.00483265139
1.01090428668 1.90197894358 1.00468746818
1.00289952487 1.84831327918 0.999959066569
0.996421361363 1.93662566244 1.0111504587
0.982282997585 1.79933932677 1.01777448683
0.976724138385 1.87134173332 1.03312193949
1.01411434538 1.75290893549 1.00529649479
1.00803827773 1.90401542271 1.00648977413
1.00559329134 1.99550127536 0.994808025983
1.01266865438 2.07570146413 0.992854383466
1.01800804184 1.93547943139 0.989069493149
1.01497211353 1.77965677211 0.985348746091
1.02150667529 1.93338769021 0.985634604637
1.02093080047 2.02690642893 0.979674354472
1.02987947115 2.10891306117 0.984226423445
1.02611096876 1.96855636682 0.9754623991
1.01876371873 1.81490496246 0.981941663065
1.02122328786 1.97057166211 0.980388383615
1.03652426686 1.96409538003 0.981829515334
1.27317387896 1.80843182558 0.983605864489
1.53946303537 1.64981192342 0.980216625039
2.30086335265 1.51610947904 0.988003441011
100 1.36187679018 0.981546467807
100 1.20354604024 0.983148442998
100 1.04439928244 0.986995989679
100 0.972749664568 0.985645887072
2.0037786741 0.941453488117 1.03119833039
1.58366588245 0.968297608891 1.26690804315
1.57954089138 1.03440384911 1.0474025526
1.57787887457 1.14499465437 1.04497797896
2.44724936566 1.30911608747 0.940236756012
100 1.62381333567 0.892639457061
100 1.70602048063 0.870446259634
2.3561527458 1.56667378592 0.859365003973
1.84561586601 1.63753739692 0.849907848164
1.3363603397 1.49658484762 0.831541870219
1.32920993413 1.56645693259 0.835039531608
0.803476126012 1.37712491904 1.10816637332
0.801553296637 1.12389466127 1.15806302247
0.805929158779 1.22670995157 1.16049981398
0.7494179298 1.33119549416 1.16390246359
0.714295172641 1.19812002416 1.20034667056
0.712296507118 1.54990875156 1.19866817454
0.70840700658 1.67216034486 1.18682933168
0.729851674769 1.76800111562 1.18219970374
0.735624301109 2.06290363668 1.16148415834
0.75101755701 2.10365192422 1.14429203564
0.772191756105 2.17364469418 1.13953298533
0.779897969859 2.03214116661 1.11796168936
0.793051247406 2.10172201735 1.10370522398
0.816481963424 1.96067978258 1.09585107979
0.819884273864 2.02985876361 1.07593989606
0.835675208879 1.88932672988 1.06368525059
0.86111466326 1.95807224357 1.05250121524
0.860635890188 1.81809688995 1.03439293339
100 1.25525484748 1.14072993286
100 1.16366591295 1.16281854133
2.17985406802 1.09307304998 1.21183381134
1.34421825672 1.09801633121 1.30266480058
1.34753149716 1.14342244958 1.3164189333
1.34551771863 1.23547798847 1.17597226798
1.40311236131 1.14686263201 1.05978982949
1.41295576199 1.19886370445 1.05376006876
1.4129596177 1.33078493873 0.959088046327
1.40194028061 1.65934069873 0.910334086412
1.38731814794 1.53205814541 0.885443949575
1.18564269041 1.60002454023 0.879493524233
1.1693290098 1.45845763776 0.848160005222
1.17447720654 1.52342867032 0.826458161932
1.20031333294 1.3814748417 0.816001958558
1.21463200666 1.44613809954 0.786729566518
1.23536476166 1.30438298808 0.790123518506
1.03947752643 1.6563950755 0.98060473185
1.04338855479 1.57484493293 1.01930382721
0.988506776473 1.44662879433 1.03025740134
0.941978023052 1.49847011898 1.32232305344
0.936431895936 1.33024968315 100
0.88017376478 1.37968618999 100
0.832289202332 1.23878240491 100
0.828084277662 1.28901380872 100
0.772590867826 1.14732216206 100
0.773962538208 1.27888903926 100
0.746940079639 1.16005495329 100
0.74913913464 1.09483890528 100
0.812445464047 1.06648083329 1.76823438075
0.937228775271 1.0892225065 1.72468971116
1.10472119893 1.16903412649 1.90615976741
1.08781316073 1.45301253635 100
1.04914289319 1.77230662764 100
1.03062295981 1.85282069816 100
1.01835540642 1.71577679401 100
0.993949247202 1.78102300649 100
0.991931022984 1.64120163671 2.10323600147
0.961232365205 1.70550295224 1.59679942753
0.93888024669 1.77238701759 1.33536667741
0.933551656671 1.6298623547 1.3327980155
0.904526151513 1.69651712129 1.11345245253
0.884476755139 1.55424991751 1.11633817985
0.877099185219 1.59199836885 1.14134639486
0.846689160881 1.45071372078 1.17014224651
0.825799469363 1.51619823961 1.17468905136
0.818695476689 1.37528149662 1.19815528397
0.790218289421 1.44041883818 1.21188620692
0.79699000533 1.29991504573 1.23023181904
0.76058935236 1.36466361917 1.25529086367
0.737039113132 1.24672922471 1.26299401995
0.734325026331 1.3162415201 1.28476120362
0.703304468621 1.17670917817 1.30001292098
0.702092473214 1.52806663735 1.31164482062
0.979438834863 2.202585004 1.08339363011
0.987457460725 2.13843410061 1.02836040418
1.04729676237 2.00290826864 1.01425744933
1.11596817512 1.85396817372 1.02162126741
1.11984518055 1.70343027537 1.18667552721
1.18297850042 1.55072203254 1.19414476903
1.19702612209 1.39519422351 1.44494175487
1.25492325782 1.24060980312 1.9245465872
1.31861562776 1.1118066545 2.17192913015
1.32070031622 1.04726681566 1.96047084581
1.50865732186 1.00922364575 1.55684068333
1.45036903204 0.983981141002 1.56006528428
1.27171422027 1.03313170239 1.38589821143
1.11563070735 1.00471187311 1.38761934046
1.11408385398 1.09381776065 1.38672467587
0.987815214193 1.22410306957 1.4746210926
0.904499196291 1.19739187828 1.47564697154
0.903728630491 1.57230393041 1.70976404333
0.87974393932 1.92042723732 100
0.881262215915 1.79185156012 1.89661082698
0.885169420219 1.87409664207 1.37868219484
0.881882235292 1.92719423549 1.36932883128
0.883783264279 1.78748485218 1.11924597081
0.889217237808 1.86731587869 1.12185779511
0.88409219178 2.27806837798 1.11610718005
0.888236770825 2.35705814117 1.11770271224
0.889727557358 2.217465601 1.11719669922
0.886852185864 2.2958277423 1.11321097831
0.893214183027 2.37506407903 1.11659392941
0.89078667673 2.23503428848 1.11295546791
0.890152656164 2.31366131488 1.11074716522
0.89870779342 2.3931385642 1.11592193069
0.892392185255 2.25268281444 1.10913859071
0.89398760029 2.19947230805 1.10871861815
100 1.1909135225 1.1940219656
2.17440196122 1.1909135225 1.1940219656
1.27059003921 1.1909135225 1.31160918489
1.26957545013 1.21066950626 1.43487322199
1.27348545367 1.14393529456 1.43673878279
1.48204172396 1.0526146529 1.44317012219
1.48871203658 1.01223499585 1.444547271
1.30403021267 1.05365878627 1.27821841516
1.30428448598 1.14843803834 1.12496615459
1.36303544657 1.12171263824 1.00681056656
1.36127962775 1.24840355086 0.933922761874
1.58002686394 1.55991797277 0.93257983447
1.32517957296 1.43139582454 0.884491289337
1.31843184302 1.29409980801 0.84713913508
1.1233205287 1.31980531075 0.837058250263
1.12298465831 1.37751788108 0.788824961005
1.16785124239 1.23310061195 0.750446927359
1.17747767425 1.29146532331 0.741495598936
1.21701866539 1.14637274481 0.69472011821
1.22236315783 1.28737471124 0.693982647016
1.21944570181 1.63923426272 0.675608384468
1.21697867261 1.50875212344 0.688662921414
1.20703553459 1.59557973008 0.692130143414
1.19840643037 1.68149949813 0.697692378879
1.19668708286 1.54160947541 0.715000041393
1.18327276394 1.62626170162 0.713309280148
0.91178691106 1.19700116804 1.04875852872
0.997018092942 1.17938608409 1.05219612762
0.903313760054 1.15402084188 1.05625323461
0.902878468389 1.30263904856 1.05855331754
0.850072529478 100 1.06122703957
0.854174453086 100 1.07522799992
0.804991842928 100 1.10752167897
0.766145317282 100 1.14835977695
0.763570682682 100 1.15935232225
0.716509903184 2.39251181089 1.19493375066
0.680223199142 2.23642217362 1.23718170945
0.677224578377 2.04976555816 1.24971253075
0.87646099735 1.91930746382 1.28311412036
0.877439298179 1.76613912235 1.30008094385
1.13670794976 1.60914197716 1.33234612351
1.63360930173 1.4516328938 1.37093722426
2.13061771722 1.29436738231 1.38530623323
100 1.13764243285 1.41943492387
2.40697494818 1.06751358557 1.46061789172
1.54501307135 1.05790403765 1.63732384243
1.36266711968 1.02738499594 1.46675638566
1.54654067538 1.00516471967 1.46423342342
1.55197614613 0.976208451174 1.45845427253
1.38064499707 1.02188910523 1.27737065243
1.23975051905 1.11099976854 1.12065501841
1.24017528053 1.23656653023 0.997238151662
1.23086722286 1.34917352383 0.913632146849
1.22083532215 1.21984301986 0.849012708927
1.22828387515 1.08208931704 0.837469130243
1.2461258884 1.15879971722 0.770389876713
1.24750744402 1.7773736008 0.764845018123
1.49733600396 1.96991320462 0.76877950936
1.20884781512 1.84524219046 0.809101009152
1.20078812951 1.90062037032 0.862154444597
1.15291882619 1.76017914938 0.862955179598
1.11186899152 1.81307267055 0.908861995013
1.10075095869 1.671608813 0.922373827842
1.05405654624 1.72488742269 0.96151251505
1.01492112445 1.58294143016 1.00890420449
1.00140622712 1.65985616597 1.01591820965
0.959077752427 1.52141344115 1.05918842071
0.951390047487 1.57750978114 1.11023828545
0.902407763988 1.43403876064 1.11342530937
0.993126181035 1.49492923597 1.02296240041
1.00070014989 1.80988923398 0.999380475186
1.02351341925 1.68118223583 0.992220940931
1.03536207237 1.74888787741 0.966383363371
1.05330849141 1.60919611428 0.949235496574
1.07912952858 1.67432540654 0.936504062268
1.08749131697 1.74195226527 0.912774870626
1.10757723795 1.59925185108 0.911868191678
1.13500141356 1.66661017845 0.881268180459
1.14032351913 1.52419787038 0.859751964275
1.16226056812 1.59127960837 0.855285554014
1.1770102887 1.44919082529 0.826476941589
1.19368172011 1.51596719162 0.807480375932
1.21729558614 1.37423937597 0.798974243141
1.22894568223 1.44067597242 0.7722248274
1.24749785786 1.29935318244 0.777856392391
1.27263662774 1.36540946532 0.742995848163
1.28144382889 1.22454421835 0.718633953396
1.30171513314 1.29017199563 0.720527235153
1.31884445167 1.35903961653 0.687431702449
1.58442243514 1.21496895783 0.665863995007
100 0.779079606544 1.02879581894
1.79504572673 0.779079606544 1.12268876085
1.59053692831 0.821186016724 1.07462584705
1.58512051887 0.908051917297 0.917154579523
2.00000307555 1.05881419587 0.804656414347
100 1.45056058125 0.760139976073
100 1.81097503328 0.775646891069
100 1.78836484533 0.771430564082
100 1.77224023731 0.786954093245
100 1.72280481587 0.795125362079
100 1.79365944978 0.803061299399
1.4451920239 1.88914687203 0.823479163169
1.17833901335 1.75180038601 0.821873677962
0.921076807721 1.82519388881 0.835816906981
0.910913305312 1.6841250464 0.846609007382
0.896826330035 1.75610035684 0.853284926048
0.898713358499 1.61562877046 0.869616743513
0.877659761556 1.68695509331 0.876201313963
0.868850831514 1.56942826241 0.885027160452
0.862032387851 1.64503707478 0.898397170197
0.846263325753 1.71907211588 0.903751923797
0.840319749792 1.57717454125 0.918433225033
0.828315930105 1.64978627639 0.927525488531
0.814943895988 1.50848360623 0.935495190167
0.816190773207 1.58044128803 0.952249564513
0.993455638465 1.14099205786 0.776254732752
0.994741401796 1.53362999415 0.776914362367
0.990538626856 1.69083485406 0.759593214256
0.986987278007 1.76367847627 0.772013420934
0.977923330015 1.87386831543 0.774218430715
0.971326183393 1.738287333 0.781967034355
0.968205435602 1.82405356461 0.800766144881
0.955257067326 1.90962565927 0.794957775515
0.950920155571 1.76949499464 0.805924665332
1.40038940823 0.601954555979 0.627278465649
1.31204680684 0.775869163452 0.508037345871
1.26761317128 1.2067395334 100
1.270441427 1.61677863899 0.498784916447
1.22829705516 1.73214211575 0.546842398565
1.21833877243 1.83502506031 100
1.16970392837 1.77400442775 0.598153520056
1.12783045439 1.8258241907 0.651400381051
1.11467943284 1.68420444723 0.657723921946
0.861148634534 0.830106729388 1.29042612276
0.860115515348 0.813508328859 1.29279264919
0.728631855535 0.808790395044 1.17535614985
0.72858408057 0.971123958059 1.10274850658
0.668061223548 1.60099560403 1.08432234436
0.692258589959 1.75516090347 1.07764905757
0.751648889672 1.62891911994 1.07097774685
0.748911761831 1.49205282191 1.01889329608
0.801163935606 1.54141396901 0.974573399388
0.812857516081 1.40069792999 0.96132294194
0.857447260125 1.45025376266 0.9105278995
1.37928311922 0.640633201393 0.775614376408
1.2614056354 0.772456241267 0.642538253208
1.15913272972 0.95287270431 0.590874904512
1.15913272972 1.84474317302 0.590874904512
1.18286661567 1.6432652603 0.637258902918
1.111159375 1.51628651307 0.722436636579
1.09677276519 1.37871159397 0.725741015711
1.01742921623 1.40878243084 0.804002487316
0.93959676526 1.23797663398 0.888399064035
0.928317616731 1.26938580126 0.897685292922
2.36065799197 0.954378792826 1.17886856337
0.649111086862 0.775219621087 1.25483246251
0.649111086862 0.775219621087 1.25483246251
0.596840533446 1.16004840394 1.15319455012
2.34682329422 1.84399906651 1.15319455012
0.638267078139 1.61667627718 1.18228071973
0.710639684872 1.67022270683 1.11564799361
0.712382621971 1.52910199609 1.05561301056
0.776968396323 1.38944096394 1.04306153093
0.850150856716 1.4281279474 0.976868336218
0.850916382511 1.28668996764 0.976109430798
0.99820659883 1.04851037447 0.827017160741
0.99886947508 1.41810872581 0.771834420668
0.990149669044 1.54542579876 0.769914554074
0.991379486984 1.63407109144 0.761940097278
0.994880904743 1.49495146882 0.756958608036
1.00533827083 1.57230306031 0.761103017555
1.00285068844 1.43230251239 0.748081145802
1.00857808581 1.50835287207 0.745977068252
1.01546097469 1.58594239625 0.745484879935
1.01504118122 1.44476678205 0.735003200969
1.0227129683 1.52152895783 0.735661099525
1.02613036713 1.59976084613 0.730433630389
1.02771653301 1.45754632706 0.72258241615
1.0372774013 1.53500818204 0.726087322957
1.0373124875 1.39405473139 0.715967811655
1.2771422724 1.35976950161 0.738578778213
1.27440002865 1.51601920386 0.732449367907
1.27598595105 1.61144119159 0.728046544444
1.54216632324 1.47297540671 0.723905987014
100 1.55215651411 0.731623104214
100 1.41190630818 0.71928881847
100 1.30656490979 0.718307744745
100 1.14735828059 0.721188949608
100 1.0757339951 0.717203189573
2.24518179559 1.04870571755 0.776124658714
1.60114655834 1.07394174571 0.898860604434
1.59139002539 1.16105672761 1.06673466919
1.9991840585 1.27728942661 1.13597464671
2.20487717794 1.53455565643 1.04922638048
1.96033061087 1.42467376959 0.981334469589
1.48430270363 1.29017327904 0.980831560993
1.46529210655 1.33168576489 0.908109410083
1.4632076552 1.18911665545 0.842845477714
1.46735969052 1.3127181634 0.838754006914
1.46154441471 1.63994607157 0.802704937334
1.45795242029 1.50887290482 0.793175009656
1.22131040442 1.58531070653 0.794878355244
1.2249072558 1.63311565072 0.779321093167
1.23042383509 1.5138058976 0.772529700238
1.24036064351 1.59375498677 0.770445069841
1.24338844136 1.4531703027 0.756704664677
1.2531782392 1.52807061954 0.753917747437
1.26007260355 1.38771240695 0.74635047813
1.26492731198 1.46162080035 0.735262616609
1.27628105367 1.53736842953 0.742449320815
1.28038775565 1.39546113921 0.722902568701
1.03354989831 1.77928069902 0.969031275826
1.02500363979 1.52412815392 0.990684153904
1.01705429092 1.58921517177 1.04453898168
0.96018668716 1.44890651693 1.05661723844
0.960384545807 1.49941419388 1.10712456519
1.00096613788 1.47331624228 1.06304007554
0.997750999622 1.60009854574 1.02846749444
1.00150897779 1.6714456244 1.0154032507
1.04215609386 1.53367071602 0.976497933663
1.05461148097 1.59021667811 0.971385274419
1.03750089333 1.86928660943 0.972397079514
1.02531887852 2.45905111961 0.974739309277
1.01937773037 100 0.996310958484
0.994316035969 100 1.00756051145
0.97764993904 100 1.02472647074
1.01258413929 1.51272679448 1.06059344911
1.02131876239 1.62562349779 1.00054260987
1.05496364922 1.69798698749 0.96110405099
1.06875206699 1.55752433764 0.931250309782
1.34715262421 1.61889724626 0.919702177601
100 1.47593287512 0.883060421996
100 1.53704820214 0.883826518983
100 1.39379952362 0.840052536449
100 1.35864737444 0.805412716369
100 1.20054648229 0.803172241543
100 1.04282955492 0.760707446057
100 0.971973970558 0.762834487864
100 0.940316759968 0.74430710681
1.78633012027 0.93205923007 0.798799052684
1.74540767674 0.963795739708 0.918677056482
2.12400869583 1.19515943317 1.0552728345
100 1.5583970115 0.92970307706
100 1.9226742654 0.930241590233
100 2.02003858289 0.931224663521
100 1.90043163187 0.940397906064
100 1.96656509022 0.937420940348
100 2.02059054034 0.942215709697
0.883520003572 1.8168200191 1.0116026479
0.884891056739 1.69289625922 1.01351304524
0.880005247791 1.78463871203 1.01794681129
0.879105133473 1.83626956339 1.0300248171
0.866430100411 1.69517397329 1.03056755394
0.860765962875 1.77098926061 1.03666329898
0.86055450071 1.63044598333 1.04767927279
0.847636767286 1.70544778299 1.04783861779
0.844373274981 1.78193267592 1.05586186491
0.840075038731 1.64021207413 1.06345301133
0.829406732521 2.48996067864 1.06560886576
0.82864241191 2.34975104307 1.07547918057
0.822076563807 2.40553985382 1.0834255632
0.810239169563 2.48959373619 1.08484518771
0.808522357847 2.35006175204 1.09385120913
0.801800883863 2.43350704272 1.09955215116
100 1.64358989765 1.1354434125
100 1.57693261772 1.13024558542
100 1.43610173583 1.12847757062
100 1.28046156289 1.12614279702
100 1.12187196422 1.13140380843
100 1.05031212919 1.12628932612
2.01925946026 1.01900450444 1.16124202981
1.41407915956 1.04549320436 1.3646115406
1.41505915945 1.10745635733 1.24771049121
1.46377190023 1.21592635872 1.11029629492
1.46015694364 1.31076475376 1.00629098337
1.45907825815 1.18088709196 0.91693116835
1.4628250553 1.28231618315 0.908989217708
1.45043039642 1.60321221288 0.856670996901
1.4329651142 1.4473081696 0.831636462237
1.22110900265 1.53983037886 0.819398878987
1.20554682008 1.40449408506 0.810022054979
1.20991632279 1.4736445016 0.79012216865
1.10692564747 2.04522974433 0.893981342618
1.10010116965 1.78121349744 0.917131222439
1.09485163253 1.65713956456 0.967710071435
1.04876353735 1.71432515772 0.966849207843
1.01034138061 1.57370684848 1.01202116726
0.998999757498 1.62821687285 1.02228954254
0.954342017945 1.48656159056 1.30950426731
0.95462024378 1.54141909864 100
0.90334101751 1.39929928708 100
0.860304110224 1.45467762874 100
0.858260654466 1.31206900467 100
0.807876892776 1.36332496593 100
0.766871272949 1.20622638926 100
0.761930552002 1.04981049807 100
0.722260609846 0.979644597201 100
0.747211017546 0.944783599082 100
0.846120420098 0.939661842007 1.85913519357
0.998607201926 1.07460308667 1.83035331492
1.0504197511 1.21594868622 2.21653952896
0.955699725219 1.30309374809 100
0.878849996556 1.1722389248 2.38769914311
0.831571229674 1.47905483463 100
0.82879678801 1.58409791934 100
0.803618017401 1.44963625535 100
0.789884781393 1.52052328585 2.27912933917
0.781518153915 1.37945313865 1.52712971226
0.759874543148 1.44841371487 1.50844574638
0.765758194335 1.30771424952 1.29590941825
0.73589424573 1.37603865518 1.27972419757
0.716777739158 1.44703769549 1.28327643777
0.718612888359 1.30374725363 1.30129398107
0.690755260074 1.37429970766 1.31327715593
0.674504098379 1.23157004737 1.32656430097
0.671751590249 1.30162046712 1.34607704137
0.64619770126 1.1595289954 1.35532820804
0.648327317502 1.30877763325 1.36500363926
0.652596364178 1.87992445972 1.34759781891
0.944789637675 100 1.19732724171
0.951070588619 100 1.11199514113
1.02108117183 100 1.04426331291
1.03194066153 2.40923038916 1.03796605626
1.09712981161 2.25858458511 0.964497396387
1.16886525013 2.10855419484 0.898206539118
1.17823102742 1.95532231921 0.890336521826
1.24459434648 1.80152965289 1.06117962314
1.31656620473 1.64878958878 1.05543285766
1.32493571277 1.49742931939 1.29968023034
1.39211968442 1.34791477835 1.54696898915
1.40910113947 1.19656566195 1.79604331254
1.4682078316 1.08343723549 2.0384484262
1.54446441302 1.04083683187 1.82587923972
1.57852253236 1.01091226276 1.62364603748
1.39028576845 1.02461853583 1.43817460392
1.22262824293 1.00470325464 1.43982580483
1.21981056789 1.06668650647 1.28160064029
1.07626636838 1.03815990984 1.28328605836
0.968939197137 1.14553312986 1.28245322777
0.966319338497 1.28353911331 1.27902114281
0.891459493493 1.19453485073 1.26183007935
0.886368736826 1.28218872125 1.25058103676
0.827433090911 1.37799973175 1.23808383967
0.7854792259 1.24419270883 1.23424023118
0.775376068418 1.30118172454 1.24935085596
0.725362993769 1.15701098603 1.29021698388
0.707399666682 1.28397473961 1.29860597923
0.703658438931 1.64044926977 1.29669757106
0.712705716878 1.51185653335 1.29537953022
0.715722833327 100 1.28968680318
0.717392275095 100 1.28307535968
0.7305267754 2.46821487034 1.2829019551
0.728390271527 100 1.27406702087
0.732958420405 100 1.26903373993
0.74860482675 2.47972716804 1.26877486013
100 1.7990552443 1.20639313118
100 1.73349469508 1.20298476931
100 1.59464568857 1.17489324059
100 1.44154713096 1.15496145665
100 1.28616634369 1.13992301298
100 1.12913731832 1.11443566927
100 1.04541307667 1.11026060527
2.31478338426 1.02613697534 1.11389734074
1.44215773145 1.02164816063 1.26971542625
1.44654519787 1.05698219164 1.17401998266
1.44676087041 1.145406114 1.05445545643
1.65367214716 1.26748777257 1.05246617791
1.86052998713 1.35311363764 0.972563437808
1.61095265442 1.40855556409 0.910288737715
1.36230332842 1.26738265326 0.910838963087
1.36133028049 1.31435268037 0.842294705085
1.18533552265 1.16966286969 0.781844449213
1.18235656579 1.30020594598 0.778062402195
1.16787723319 1.41953072497 0.747284059381
1.15473907095 1.50538483361 0.744336614325
1.16073802299 1.58521011266 0.744562631699
1.16055043914 1.4446221687 0.734496319293
1.16748913476 1.52169224027 0.735640542996
1.17026320241 1.60014291159 0.730823570166
1.02185616192 1.87508339494 0.882102461834
1.02234539909 1.68035084944 0.889490249753
0.991144861861 100 0.927135500382
0.962770247148 100 0.932557933167
0.949514167849 100 0.961942519217
0.917089572368 100 0.999651445338
0.915565660169 100 1.00346272271
0.876282807316 100 1.03491505882
0.84595512183 2.48244481478 1.04949853799
0.841180222747 2.3240882737 1.07503084727
0.80342023556 2.16587915221 1.10819453734
0.812524286901 2.00785243856 1.11948001042
1.01331461491 1.85005490418 1.14706922584
1.02595761725 1.69255065568 1.18171772131
1.52791902145 1.53542995259 1.19010061381
2.02989902481 1.3788239195 1.21949162766
100 1.22293029532 1.23685493051
100 1.06806107408 1.26125555253
100 0.998792693391 1.29320693226
1.71518217625 0.967674558325 1.3602360998
1.35842308606 1.00152008116 1.30184617211
1.3599834042 1.08327883647 1.14010748248
1.45349383629 1.21073633942 1.01008528233
1.45152403035 1.29747122859 0.920184650463
1.30285312344 1.16543122139 0.847726485878
1.46497150863 1.27735004738 0.805144680036
1.4625383328 1.58755525834 0.802578626534
1.23540211932 1.425863392 0.781905729596
1.23155239927 1.49830487828 0.769810317795
1.24804007237 1.35835697458 0.767902741265
1.25335092062 1.42906036125 0.747725827086
1.26530664741 1.50200305894 0.738465054292
1.27878024125 1.35976352971 0.731936365866
1.28588595822 1.43207611655 0.71419634672
1.29943638475 1.29068735225 0.722889664854
1.31004077716 1.36230207937 0.696436605249
1.31884340373 1.22188051922 0.681385874885
1.33390303023 1.29270798413 0.685692144376
1.02834546349 1.32312608849 1.10784490139
1.02346238819 1.26113571989 1.11509674555
0.918323570566 1.13038858308 1.21936285026
0.906224638118 1.02812517816 1.23436920659
0.822836914527 1.15374795869 1.23947011652
0.822232972437 1.33725531162 1.19977609073
0.798238367838 1.70003704962 1.20176263432
0.800854738006 1.57424321437 1.21168151414
0.789621303019 1.65399959718 1.21258571934
0.784529493943 1.51385584219 1.21764231972
0.786369014558 1.58980866082 1.2271557919
0.773359040035 1.66716600888 1.22719282433
0.770915144864 1.52526079154 1.23394245865
0.768287841926 1.60186108448 1.2405468269
0.75773115641 1.46111775897 1.24226938906
0.757996476289 1.53690103671 1.25060861943
0.750740907029 100 1.25437701924
0.741494748838 100 1.25862150934
0.740690920067 100 1.2662239997
0.735481039889 100 1.27122738938
0.726226603956 100 1.27392242029
0.728278528352 2.35263838969 1.28306251002
0.718189695855 2.19344353296 1.28531815755
1.958105349 1.20598845627 1.10382120423
2.14875169211 1.1601481432 1.00042367016
100 1.10859394122 0.929776897099
100 1.08448715872 0.916191380744
1.72490560068 1.07754251025 0.968856267321
1.42852185184 1.12365635266 1.07815788948
1.42923541771 1.10093798701 1.22834365633
1.60501081114 1.16905118744 1.24990514127
2.0097679346 1.445065998 1.04515336746
2.21526107025 1.35919693591 1.04004144955
1.96830357531 1.40740020049 0.970337379813
1.49203745066 1.26775704709 0.909030064808
1.23997728722 1.27897620315 0.896577037031
1.23640435394 1.13635915903 0.825178918703
1.24644762954 1.21740309118 0.770778024986
1.24939491645 1.31903406589 0.771692691594
1.03152325114 1.41865243846 0.741202047004
1.02759539166 1.28287956839 0.748868738581
1.05354127401 1.3518522622 0.71423615143
1.05929002246 1.21023163643 0.690756572188
1.07941990666 1.27756768267 0.69378235619
1.09525968063 1.13621461684 0.661240403441
1.10402031309 1.49239576515 0.65662268448
1.08887934274 1.83434254793 0.661798236187
1.08289058847 1.90484331598 0.685374077738
1.05097572188 1.76510920482 0.722419335668
1.02685432468 1.82829142356 0.723336909415
0.942332475973 1.69049739973 0.807925743295
0.947433471818 1.83102684618 0.815729233307
0.936480760473 1.92704775267 0.813530212564
0.935283208625 1.78886298624 0.824053273656
0.927772625726 1.87296016838 0.827584407607
0.919840060221 1.7786029845 0.830736878996
0.920866271534 1.81700614381 0.843746356898
0.909363996087 1.71428577406 0.84306195498
1.14091278014 0.938867516192 0.695078902316
1.12454328007 1.13734629559 0.628664507964
1.12454328007 1.83360407055 0.657497868211
1.15914419216 1.55897998816 0.750806957864
1.0738706674 1.42557495809 0.746728550073
1.06590988856 1.2851656226 0.838034850939
0.973819835808 1.31159891682 0.849078709464
0.88410765149 1.13774470218 0.935920418289
0.892000789838 1.37315495806 0.929798341059
0.854967752422 1.71900344017 0.896259751968
0.871754834899 1.59324534627 0.898458211771
0.899873327277 1.66542904431 0.870232368383
0.898533090988 1.52428161209 0.851698087067
0.919732511356 1.5929575872 0.848716671917
1.01378456157 1.13581668897 0.755305336852
1.01391877971 1.75470904037 0.745737608176
1.0028954546 1.80025437213 0.747133288407
1.00023467789 1.87999594965 0.767640006237
0.975029857263 1.74050558564 0.778740776653
0.958355168586 1.80910371848 0.793041093382
0.950133530022 1.66784254096 0.817765729946
0.746207558917 1.18496514907 1.02256162719
0.741837924353 1.16276357498 1.02596829583
0.739222972881 1.13484185204 1.02927412895
0.741205946013 1.30765173579 1.03031146256
0.721455747236 1.45654025278 1.02882405935
0.730594354879 1.55021127298 1.03783573888
0.718580128335 1.41308888479 1.03269102548
0.718546398305 1.49167342088 1.03549441966
0.721547731381 1.57115072713 1.04039986504
0.896735266126 1.28196935927 0.927192060472
0.903908520257 1.22274702287 0.863871889088
0.960598426314 1.2835983918 0.860218443654
0.97305083966 1.14485967246 0.797651325741
0.999043174903 1.4321201586 0.752066576515
1.0145156181 1.33826151913 0.754285843195
1.01848417262 1.41891283552 0.732916084665
1.02959990265 1.49455450845 0.724436677516
1.04286673754 1.35248974516 0.718941504996
1.04823630484 1.42568378498 0.701860326877
1.06151302224 1.28414760983 100
1.07604311519 1.32809996568 0.688147529928
1.08081639094 1.40215276947 0.669571918152
1.09325807581 1.2593436447 0.663219315791
1.10431608207 1.33272470719 0.654709699028
1.11112111647 1.19085474998 0.638909268368
1.03284538372 1.42230121842 0.717719585629
1.03476076859 1.58401685126 0.724474198725
1.02359613503 1.68543079676 0.726910873155
1.02335271005 1.77492936793 0.74453416222
1.25605105093 1.86235330684 0.745926867795
1.26239674786 1.72183794792 0.755392396807
1.7790314415 1.60721934941 0.772354291639
100 1.44825718501 0.775812709907
100 1.28938942436 0.784226788191
100 1.13066001642 0.803015218125
100 1.07901031854 0.79965383584
1.72976299455 1.05685639947 0.857118416224
1.52739053477 1.14103692986 0.974103509949
1.52816515839 1.13967946798 1.13422771218
1.73006413629 1.3887425534 1.08724744827
1.9351666399 1.49897330137 1.02403414339
1.6881635679 1.37220616433 1.01226384495
1.43974113439 1.41522402557 0.944955889912
1.43025996074 1.27222197051 0.942657240896
1.27249692069 1.31463313024 0.868679061506
1.26258976881 1.16938328844 0.802354853474
1.26412149885 1.29664401785 0.797630694127
1.2533409062 1.38877525527 0.762302447039
1.2509438669 1.46866220657 0.749243230271
1.26358162247 1.54497569874 0.754762812555
1.26857247308 1.40331626758 0.734455843117
1.27635141176 1.47752842667 0.72519999256
1.28983164399 1.33661388208 0.726078552378
1.29280642673 1.40998030496 0.708204040975
1.30218293188 1.48532678715 0.701829442736
1.12934297302 1.90772866517 0.88986006948
1.12656413537 1.65118502223 0.935072480183
1.06704586493 1.52539649539 1.00643714701
1.0565147229 1.57114487715 1.00696446606
0.989897164672 1.42771288411 1.07316814308
0.912519640169 1.87432048676 1.09946881665
0.916477407619 1.60098344808 1.1030139803
0.884198312661 1.47680977612 1.13336419379
0.857551235807 1.51501605527 1.14244988565
0.851848714715 1.58115032466 1.16662471997
1.22848819063 1.11907737194 1.13754995323
1.10043407691 1.38938736911 1.04198849756
1.0971929201 1.30339124031 1.03897440487
1.10492941227 1.34722260503 0.957807089379
1.17954492867 1.20579950874 0.884625003556
1.07507091604 100 0.943737434665
1.06227189391 100 1.00777173009
1.05475071161 100 1.00945175804
0.988033056505 100 1.07462166998
0.928824749544 100 1.08677276045
0.916837459012 2.3856316305 1.14642143832
0.850794332422 2.23080463381 1.21249040431
0.852455642619 2.07645421389 1.22292921141
0.778942628321 1.92291768903 1.28383043509
0.960865911315 1.77041034281 1.35036829362
0.950428537933 1.61922371718 1.35945272079
1.0400198965 1.19276752219 1.23148212355
0.923958786538 1.31798155157 1.11506211367
1.04053860101 1.22583613744 1.10303567503
1.1728729865 1.08914736291 0.976744567909
1.18030222156 0.985588845457 0.964241468972
1.10150532544 1.09678603523 0.861547232556
1.1027703385 1.44651527522 0.812182356757
1.09358460661 1.57082006032 0.811987514605
1.09276754021 1.65874579103 0.804725932139
1.0953764508 1.73959527518 0.801844441335
1.1028068653 1.59891868527 0.806130656264
1.09991353647 1.67691839105 0.795667722303
1.104498282 1.75607771823 0.795489298717
1.10870093773 1.6141985294 0.795387190745
1.10765593532 1.69260453075 0.787358259562
1.11401891669 1.55197978953 0.789732746872
1.11506808235 1.62956661652 0.785208576405
1.11583525167 1.70844542308 0.779661649062
1.12394491483 1.56702090657 0.784630134138
1.12188632047 1.64512245868 0.775601189726
0.844053541362 1.98166618913 1.11868693367
0.851750543264 1.89293157502 1.18795308869
1.00786879228 1.75434624094 1.19453399561
1.00832632514 1.60714639366 1.26739673195
1.25713143456 1.4294870293 1.34542885368
1.72759668098 1.27528511062 1.35510359129
1.97304149916 1.12244472507 1.42686574386
1.78079213983 1.00652723539 1.50435348698
1.58758777486 0.994609719119 1.60568039487
1.5895292484 0.964729210662 1.42087376334
1.41849726531 0.940066149265 1.23917152925
1.27607040452 0.993640848049 1.08284579065
1.27908710091 1.09235788649 0.961533538458
1.27753520648 1.22421396187 0.959917225493
1.42358089404 1.3425122073 0.881855910848
1.24410565308 1.21576024814 0.827330916904
1.15358509056 1.41188600896 0.86231781071
1.1512612161 100 0.852208363221
1.15495277384 2.45455104417 0.852014120169
1.15394224542 100 0.84619956708
1.16035643652 2.39980002887 0.850516265356
1.15900256927 2.48063669086 0.844216336477
1.16004869825 100 0.841181242447
1.16809459556 2.37693291935 0.847806262817
1.16380180059 2.21762682835 0.8373902688
1.16656164606 2.05832835813 1.0862858096
1.17159058926 1.89904041387 1.08779123039
1.16902291747 1.7397660882 1.60262142504
1.17347607904 1.5805095396 2.36698114259
1.17551336688 1.42127675244 100
1.17465816378 1.26207672226 100
1.18078506899 1.10292363429 100
1.17919231347 1.01923072897 100
1.2836629529 0.999835674047 2.07490302259
1.36316832982 1.03816317053 1.46624310615
1.20259455985 1.11805418712 1.50303718921
1.07159574233 1.23213850689 1.50422869304
0.969870099622 1.16465955362 1.50238865654
0.962152590749 1.26671783687 1.50145694004
0.896921991077 1.57725300804 1.71743746493
0.858151606703 1.44693678996 1.45699843304
0.830680284088 1.51178582386 1.44361795885
0.819359790813 1.36907968344 1.24538508121
0.784322078653 1.43164791588 1.23347485658
0.786831092215 1.28831557808 1.24204768078
0.743770311678 1.35092639036 1.27242117071
0.711010758662 1.20743468494 1.28960830485
0.710147258057 1.27019881784 1.31519409956
0.668522618094 1.12654934962 1.3470825712
0.822832586919 100 1.24176214105
0.830240256783 100 1.18581394239
0.87866235929 100 1.14435465978
0.891466258009 100 1.12888579721
0.934614516336 100 1.08139388284
0.986237617281 2.48166969035 1.07537904775
0.995812055906 2.32571893064 1.02204094154
1.04112451906 2.17023666508 0.976137799625
1.09379452251 2.01535519011 0.967759060728
1.10095027736 1.86122933255 1.1630425739
1.14789071945 1.70736555026 1.15889454807
1.20139942642 1.54986906749 1.41056882376
1.20656419999 1.39279716708 1.66671933629
1.25483858803 1.2363116964 2.15733124764
1.2691803153 1.08066744022 2.41523982157
1.30876564744 1.01117284896 2.20219947821
1.43283719335 1.00255634376 1.57860837452
1.25750012594 1.05350316388 1.40031259503
1.10915286512 1.15769737743 1.39928693208
0.994555174687 1.12925635235 1.46983730336
0.992095808753 1.25827758896 1.47042668145
0.909051695949 1.1696854543 1.465957725
0.867101556488 1.50525118963 1.46422492289
0.867436020227 1.83087612096 1.92563959384
0.857108691923 1.69928632525 1.41039645624
0.855835408586 1.77865791011 1.39760320419
0.856594803746 1.85779196896 1.15903092953
0.848147900888 1.71638936387 1.15191417487
0.846294348314 1.76615064444 1.15637151264
0.848894808833 2.43472714918 1.16309735902
0.839344232008 100 1.16097547853
0.839541571513 100 1.16592780689
0.774368401123 2.17307488489 1.22763615873
0.773933200134 2.12201298223 1.22662977433
1.02116828742 1.9505669632 1.23158930472
1.02060825493 1.79390576813 1.23855579392
1.53361323461 1.63510770758 1.23861554728
2.29583700229 1.47588840706 1.24537476847
100 1.31659253396 1.24938372083
100 1.1572920973 1.25115403675
100 1.07364354696 1.26751325641
1.93338031046 1.05444782236 1.3238212842
1.30849459416 1.04755260703 1.42063147779
1.31130584458 1.01856034204 1.44525722906
1.50470032424 0.993773245482 1.43186030934
1.50844698935 0.972696241159 1.43372553113
1.32706988285 1.01785439557 1.25383671774
1.32727897358 0.988762589741 1.09672067597
1.3941305996 1.08147312826 0.973856093832
1.62246287136 1.3991696259 0.897825181472
1.60787447431 1.511910143 0.864418729454
1.35033849316 1.38062688689 0.854211759197
1.34430620156 1.44276258011 0.8167335904
1.14263238498 1.30052687851 0.817758137017
1.13950039104 1.36081790473 0.772679918185
1.17913265402 1.21791246505 0.737506127234
1.18580978223 1.27838920639 0.73526900786
1.06019925523 1.85766863157 0.835463885885
1.04821702254 1.6004499905 0.872760854559
1.03257357045 1.6684443751 0.880650974831
0.986426009298 1.52872481501 0.927272345889
0.977045444465 1.58177156781 0.982569581695
0.924361482067 1.43805926276 0.987240636888
0.880095334166 100 1.03617244169
0.86761280681 100 1.09222362683
0.816206817836 100 1.09498673763
0.817438827786 100 1.14525808912
0.758266726324 100 1.15822709386
0.708529020589 2.42782417195 1.20309215231
0.707738950009 2.27330236766 1.25445506508
0.649414208871 2.08883659833 1.26958401531
0.846267613948 1.93202751064 1.31377137961
0.839441854822 1.77522577258 1.36397567718
1.09238038475 1.61892421995 1.37629905312
1.58266320362 1.46328314443 1.42195430029
1.83928499656 1.30853824406 1.47309061418
2.32898750989 1.15504976348 1.48345337806
1.89306978026 1.07557177955 1.52929534584
1.4893625563 1.03214126762 1.52126567441
1.49054141834 1.06587252724 1.34235942628
1.49379106441 1.03582930696 1.33629369922
1.32629758423 1.11162495803 1.17431360536
1.19180630901 1.23388769715 1.04450283626
1.19052425175 1.14520977651 0.947159018966
1.19501834344 1.21878984253 0.872176524954
1.19285561421 1.33050806623 0.868766615315
1.19782210777 1.39884005497 0.817815981204
1.24478653852 1.25694871021 0.821205652854
1.25748875046 1.11684233265 0.76390751656
1.26914491328 1.24813618233 0.731003636007
1.27667292401 1.56253329563 0.740664428599
1.26715150347 1.65265177234 0.733228567166
1.26435013363 1.73796395421 0.741453988958
1.2602264237 1.59773061 0.747558438896
1.25245819932 1.68080381511 0.747573083588
1.07430471653 1.8212726976 0.926542594409
1.06341527453 1.56780801182 0.953584068836
1.04992688219 1.63112919362 1.01221908118
0.993834863382 1.49066595173 1.02179381084
0.987148337227 1.35094694214 1.07655214286
0.924577428711 1.39471538665 1.13826785943
0.869948386472 1.25328591284 1.14584238438
0.861089429172 1.29839089668 1.20204514854
0.801211914167 1.17827745112 1.21514705916
0.798117519426 1.31083019536 1.22679058063
0.768524858683 1.64757174855 1.23334307075
0.76677983697 1.51714769819 1.23709275368
0.767976611318 1.59700570884 1.24185587536
0.759440661978 1.67653871609 1.24058940917
0.761751528514 1.53503653595 1.2459860274
0.758079338104 1.61338068983 1.24772098136
0.752178899441 1.4731548129 1.2481205512
0.757173764862 100 1.25509065652
0.748839859433 100 1.25403757938
0.745567489561 100 1.25603689194
0.751820391356 100 1.26368523445
100 1.52491640987 1.12717597355
100 1.51296870201 1.05700628364
100 1.37104166599 1.00310573841
100 1.24420571598 0.996902910727
100 1.06689711804 0.937745722755
100 0.999461919533 0.902629125896
100 0.968605135897 0.900776659066
1.56505509633 0.960111906453 1.01016670621
1.51644241854 1.0142502103 1.14438779122
1.51646116432 1.01374204095 1.15514112119
1.89559313132 1.25124084771 1.03071121787
2.09302364684 1.33567619912 0.941152013389
100 1.48907123626 0.891141337945
100 1.83320333427 0.888053462956
100 1.67782957004 0.877670419649
100 1.75510449362 0.870153957923
1.92051056645 1.83235451429 0.872285925815
1.15913757487 1.69100394017 0.860485747222
1.14681235421 1.7672226723 0.855452156132
0.911547383976 1.62687612365 0.856311367166
0.906546167301 1.70233113202 0.843980617882
0.914143785633 1.77922767612 0.841340284964
0.921147773505 1.63780099138 0.838108052219
0.921963373159 1.71399587706 0.828037208015
0.931684298706 1.57368039282 0.827878045508
0.93487518208 1.64909977233 0.820399476546
0.965941849906 1.3994117531 0.802067461983
0.961579836459 1.55179697564 0.796613465466
0.963465920101 1.64474410297 0.790203254711
0.967072828871 1.53017550568 0.78757332176
0.972869885075 1.61197978751 0.786472745947
0.972515812143 1.69114492102 0.777488054086
0.980749359723 1.54967397822 0.779184868803
0.982454027852 1.62709630599 0.772670100351
0.984341455792 1.48667093381 0.766336445191
1.03970463522 1.26252562082 0.740659920929
1.04478674204 1.41505297368 0.705860284992
1.057708809 1.28988322967 0.714841573671
1.06680439209 1.36532452 0.688927246408
1.07532635099 1.22517445908 0.675285165179
1.09159423202 1.29675694823 0.678185476522
1.09717597761 1.37063717432 0.655329855336
0.942427010874 1.38059217489 0.879579217064
0.937579899958 1.31898263909 0.883090487092
0.938832581263 1.18901527576 0.96737567218
0.845736639209 1.26361740038 0.976236047183
0.784820139199 1.19051826943 0.983106125979
0.777076179459 1.1018555653 1.04336841014
0.744607726203 1.25750072525 1.00560319795
0.741335855138 1.39966839963 1.01304531428
0.732081205965 1.4882246772 1.02046230466
0.955683152243 1.20125480864 0.94976378908
0.956443897517 1.14162764146 0.86388085794
0.962791660557 1.23554263558 0.807986441424
0.963553601294 1.35969935669 0.805339354461
0.976727024318 1.43819492415 0.774931138268
0.996833103057 1.29885722783 0.77907671208
1.02561988698 1.36455086163 0.742170317073
1.03120367905 1.24524797425 0.719127429817
0.880551875787 1.59406098169 0.888797477705
0.880087087118 1.3075032525 0.940041779859
0.817587885356 1.17677496327 0.950979657041
0.815519236894 1.25879724494 1.0058453756
0.763428866473 1.36652679212 1.00435018529
0.731196576105 1.23247281718 1.0188754283
0.724376248545 1.29604877541 1.04781796725
0.769242961392 1.48712384596 0.998528707677
0.777948653304 1.59949671159 0.999133125818
0.810131259177 1.67179148672 0.957783798604
0.853349038213 1.53227940979 0.926218848227
0.85088957132 1.59355742068 0.92050420252
0.886727232783 1.45166549793 0.882171818065
0.897100459849 1.51256669354 0.852900332511
0.925970152389 1.37051096628 0.843569802983
0.963509518817 1.43147345429 0.806946776588
0.970430250733 1.2893350585 0.811277122725
1.00150236898 1.35038551518 0.766854535678
1.04046925646 1.20815855202 0.732296621509
1.04443446968 1.26930898609 0.733586132562
1.07738330323 1.12698233031 0.690422492874
1.08040493175 1.26855326654 100
1.07513873874 1.62134399851 0.675671428918
1.06560929915 1.71993727768 0.691423107349
1.03841075617 1.10859071259 0.732373870027
1.03856210349 1.50914052718 0.718857125921
1.02669421158 1.87672827468 0.72370134611
1.02252251658 1.97974332849 0.745693018312
0.992966171246 2.07427700909 0.780580518091
0.971743898618 2.16718020727 0.778842656611
0.962007986637 2.25983662775 0.805759203922
0.936552727031 2.14207015831 0.813838916657
0.933796481184 2.08000009765 0.835793221897
1.15162145654 1.92383175754 0.868122618466
1.15440965181 1.76725028109 0.870245931249
1.41694124643 1.60880463388 0.895409049013
1.92297309149 1.44968178558 0.929394175704
100 1.29060961416 0.928215959719
100 1.13161740958 0.955439566974
100 1.06018286852 0.957474613619
1.61122127328 1.02944049549 1.09984519876
1.42462938092 1.03540062995 1.23814932484
1.42325637273 1.09569891755 1.1032148975
1.47244956536 1.20533491721 1.1014921983
1.46114227589 1.27966182369 1.00230257571
1.45281539584 1.32567831684 0.919795654441
1.31051286438 1.18227546638 0.84553281328
1.30242867792 1.30407629208 0.838642988109
1.46819807726 1.41585067305 0.795776106878
1.25365257339 1.49448064884 0.777666532105
1.24372881723 1.3548168566 0.773071120575
1.25374263302 1.42361329505 0.747800496922
1.26957905533 1.28254533276 0.733496904921
1.29189265488 1.35043902417 0.723930852127
1.29911556325 1.2099474044 0.701092937329
1.2041932281 1.66378821574 0.797411075234
1.20481680297 2.03311294509 0.809781212655
1.18849714808 1.90475749747 0.812252928193
1.17819994978 1.99486329411 0.826408457257
1.10249199072 1.57883262312 0.962451942365
1.09904235276 1.3434156933 1.03695871589
1.00842432681 1.21900971133 1.13569310975
0.997633392531 1.24002522435 1.14202832183
0.899350065196 1.09645166337 1.23682027184
