100 2.01556443707 1.0
100 2.00794672493 1.00003853599
100 2.19709669742 1.00095300412
100 2.15393932495 1.00424735194
100 2.10468374722 1.00518277906
100 2.02579351941 1.00006928359
100 2.1911178796 1.00126853356
100 2.07960891223 1.00268987383
2.28229345773 2.13168656924 1.00687074298
1.5204899059 2.01450189631 1.00000074895
1.25356839778 2.09815350423 1.00445693183
1.25162837984 2.17916830989 1.00203473054
1.00036487204 2.03906515745 1.00036487204
1.00690215876 2.11855661761 1.00690215876
1.00086740553 2.19888498709 1.00086740553
1.00119875158 2.05823355311 1.00119875158
1.00359544736 2.16048663369 1.00359544736
1.00005892285 2.0249971048 1.00005892285
1.00524046452 2.10518287849 1.00524046452
1.0016032687 2.1855464202 1.0016032687
1.00057881965 2.04517958896 1.00057881965
1.00774190584 2.12471286274 1.00774190584
1.00060139098 2.20509811572 1.00060139098
1.00156405713 2.06433052184 1.00156405713
1.00779655668 1.6553056171 1.01047447447
1.01136117252 1.99348352443 0.989001440826
1.02078606605 1.86506373567 0.986449534461
1.02587977567 1.94199366788 0.979219853728
1.0298000164 2.01842762301 0.970594554404
0.996183293735 2.05188064883 1.00534807916
0.996392538472 1.967098971 1.00642424045
0.992096000211 2.28586287287 1.01050478292
0.991586668967 2.14873417176 1.01953564663
1.01720624191 1.77367762194 1.00575517662
1.00326258362 2.1435394623 1.00777681718
0.999445128554 2.01926233622 1.00057037094
1.00557914207 2.10109241473 1.00405558788
1.00389299521 2.18130974509 0.999745176518
1.01080195048 1.80176198903 0.989233115907
1.01089027739 2.08423483926 0.992801924722
1.02139327013 1.94357438662 0.999847290583
1.24682069606 1.78819844976 1.01341266696
1.26112052304 1.62993132256 1.01719039331
2.0186331857 1.47115275445 1.02922645098
100 1.31236254348 1.0391179964
100 1.15369861742 1.04516914075
2.34834069224 1.07057976859 1.06597002296
1.67227488956 1.05194322505 1.13180328145
1.46422937452 1.03564366272 1.24417035577
1.45868699181 1.08203535139 1.1658871758
1.66301881289 1.31883672031 1.0518361208
1.87808224476 1.2921237651 1.05050578867
2.08843293066 1.57255721186 0.979606054018
1.8331204561 1.44056363754 0.927795804272
1.34157724292 1.49665527448 0.88549866671
1.32895072131 1.3532648921 0.873987807862
1.14825865423 1.40817208972 0.824526317519
0.808978374737 1.22110544183 1.10280441601
0.800072080097 1.161172894 1.16298322491
0.795463429642 1.26489286165 1.16540448296
0.742640796349 1.16656967809 1.16855070964
0.742523355546 1.54501571237 1.17062730227
0.739083944438 1.89739371279 1.15594066979
0.764426221479 1.9611687209 1.14725036578
0.801953629545 2.02724380909 1.11832261752
0.799568939642 1.88566844965 1.09679489491
0.829314218289 1.94986296307 1.08275019042
0.840484186178 1.80806098382 1.05553364408
0.862802458786 1.87205580631 1.05170275142
0.894545556231 1.7303839356 1.01854351774
0.901784543755 1.79423407499 0.993252995962
0.926578642662 1.6527198127 0.986322439483
0.960025467624 1.71641446452 0.954725839641
0.963849817786 1.5750742229 0.931632543803
0.990785673489 1.63859802563 0.921180552806
100 1.3608827723 1.12233831696
2.13956810921 1.26995644153 1.16511809877
2.39580498425 1.12723205943 1.17061222108
2.17967411426 1.05963706013 1.21825842781
1.54668595984 1.05062415503 1.30206944342
1.3636282194 1.09845910389 1.2958880226
1.42172876757 1.1983997541 1.15269254648
1.4212344182 1.32505251294 1.04504819882
1.40943025079 1.43778500859 0.977588942505
1.39114450448 1.473152598 0.923417842959
1.22645483326 1.33194149091 0.914884179816
1.2091154216 1.38148917006 0.855392670979
1.21255378667 1.23699186834 0.804770654016
1.26894834734 1.28771531255 0.793085942557
1.28173158876 1.14188311247 0.734615582416
1.29331599082 1.27685350773 0.732604461146
1.30050836233 1.37521780176 0.704410481547
1.30060467688 1.46055240194 0.700519896619
1.03600608607 1.44322751643 1.02647394513
1.02896274173 1.38268371071 1.03380721971
1.02416564491 1.25506958154 1.35563036255
0.930691078778 1.11746978798 100
0.860835347538 1.22123597918 100
0.826820010052 1.49727241128 1.4231828271
0.818367252248 1.36186441971 100
0.783286854952 1.42601474615 100
0.753291112919 1.25530244184 100
0.745920398937 1.31731499658 100
0.711290070415 1.19760661434 100
0.709557759689 1.13675560783 100
0.711081199733 1.11822561591 2.46234265988
0.790292966625 1.11036558793 1.78431204109
0.930788672179 1.14646272369 1.72678539916
1.1973401157 1.36281021606 2.29302036005
1.11820250088 1.64131123523 100
1.05649512449 1.51459558958 100
1.0465605172 1.56055267879 2.2112526656
0.979119629305 1.4167304377 1.96083262193
0.919193668075 1.27590976493 1.48314750458
0.906736136692 1.31567842208 1.46559943757
0.839924485151 1.17326132741 1.46526945409
0.837350203954 1.29616957802 1.47021406734
0.798347410456 1.62276728048 1.46551087346
0.786796769226 1.49187873676 1.24257219586
0.791924136151 1.56824856209 1.22542925264
0.775247816331 1.61604381208 1.23145915728
0.764150134971 1.47447164185 1.23597931118
0.771366654676 1.54938622958 1.24715821375
0.752135630842 1.40885021662 1.25136760544
0.743637694966 1.48294783136 1.25756030298
0.746490747944 1.55884426928 1.27026844663
0.72959864748 1.41683512028 1.27171981199
0.723855501116 1.49199844898 1.27952021889
0.722073898305 1.35109892497 1.28951309784
0.707686375347 1.42544119479 1.29248653057
0.704866046078 1.50162703093 1.30183934484
0.943150099315 2.37166347294 1.19440294797
0.939017197155 2.30777093229 1.1288751259
0.941750939792 2.17074605763 1.12334709925
1.00496727539 2.01979030498 1.05727650324
1.01739263073 1.86675224016 1.06097424284
1.07474478528 1.7141653796 1.23049878992
1.13902384872 1.56278994923 1.23502684425
1.1494730523 1.41070059377 1.48504027041
1.20825689242 1.25465313103 1.73737396116
1.27308496839 1.09955576861 2.21698924135
1.27518636557 1.03036290751 2.00594302131
1.42042907821 1.03058650192 1.40800923733
1.25139113212 1.09023429233 1.40909800541
1.24589337885 0.98325566216 1.41264063051
1.24350413554 1.04346847303 1.41418817777
1.09303380841 1.01568238112 1.41355222643
0.97688050649 1.11654260052 1.48716781321
0.976457808098 1.27414155923 1.48731662901
0.906304460979 1.37446565788 1.47295236913
0.855726948017 1.24572652565 1.45782051069
0.850883679253 1.29587436613 1.45737838653
0.793410219338 1.15511232107 1.27029813384
0.793377923227 1.30246884394 1.26821141148
0.767267922921 1.62370404353 1.24911509305
0.76622807486 1.71346689814 1.23492069758
0.777236714681 1.57503491027 1.23905807178
0.769668488405 1.65593888888 1.23151087848
0.772810305785 100 1.23065227075
0.779133254641 2.47400722366 1.23180939041
0.774248244053 100 1.22588825398
0.779943995274 2.41283108824 1.22665810831
0.781759737854 2.49051604084 1.22497410419
0.779459272741 100 1.22065794187
0.787657945377 2.42913930569 1.22306576937
0.788373974638 2.30521128184 1.22010708625
100 1.27483302985 1.20644118696
100 1.20861191505 1.19643886719
100 1.06851971243 1.18977248367
100 1.00006526945 1.18871282405
2.03585369685 0.96970275746 1.2306348891
1.41271082927 1.00818610314 1.34558876995
1.43896340429 1.08925093393 1.18067527756
1.4390468104 1.20348044332 1.04660343108
1.42636478131 1.28496246024 0.947242516583
1.41618856462 1.15042881863 0.862507341889
1.41600725738 1.26828434746 0.857027594086
1.40093260408 1.35184522039 0.802992313922
1.39155380096 1.42351496609 0.769691647769
1.18516815128 1.2823264867 0.775270416624
1.17721283763 1.34696087764 0.734849709865
1.19067485578 1.2044036511 0.704910694591
1.21377710578 1.2686540447 0.706890208769
1.24364729716 1.12615213993 0.668031569186
1.24532675358 1.27055155113 100
1.23496925515 1.83359042509 0.661803758183
1.2204979887 1.70040843996 0.678772602578
1.20702751302 1.81502444416 0.71276341328
1.18915289733 1.91094894034 0.706647205627
1.17934971341 1.9997082384 0.732449971358
0.832062945321 100 1.07925143114
0.822163069564 1.16351722748 1.13976609553
0.814645497139 100 1.14880862104
0.762913856525 100 1.15088338317
0.761831153604 100 1.1522878253
0.729614796305 100 1.16782550268
0.736477798766 100 1.18757545342
0.696910641155 2.39161199895 1.21468593597
0.668427955582 2.23432194893 1.22695619554
0.671375044199 2.07725588822 1.2490463405
0.881936378516 1.9205496658 1.27770093662
1.13712520624 1.7300848929 1.2913977496
1.64138077286 1.57110989682 1.3129791563
2.14610844489 1.41222214913 1.34082982222
100 1.22172009445 1.3558580871
100 1.06316944427 1.37697783141
100 0.992003253555 1.4058654754
1.82509321598 0.961581240094 1.56439377
1.44750085308 0.968349354567 1.21143246406
1.29480850262 1.02782096845 1.06446706878
1.29406732086 1.13215076243 0.955385935994
1.41808179222 1.27598944994 0.897309103577
1.40935370637 1.5790923591 0.895595080582
1.4053367076 1.44775285747 0.858677024078
1.19685157181 1.51281944353 0.832550228571
1.19487273892 1.37074626684 0.822546010179
1.22893862892 1.43372301634 0.788861909282
1.23617863115 1.29122192452 0.792651876627
1.26678591576 1.32530263524 0.752117176239
1.29990195804 1.18361393653 0.716815055657
1.30085102011 1.32552041193 0.71636472113
1.28872579411 1.88259621373 0.711326866753
1.27797953916 1.75009572968 0.731283526032
1.2600961032 1.81354347498 0.759359482199
1.24378370258 1.92586611279 0.756689917131
1.23589849881 2.02057072059 0.780128647788
1.21423162585 2.09686732914 0.787444147163
1.19938932673 1.97191168817 0.803377521869
1.00078706706 1.81990255427 0.999619190468
0.989235916858 1.55805950172 1.03228317893
0.975350006298 1.43397654179 1.04412430974
0.928040578132 1.48707799558 1.08844279848
0.92132199607 1.34608458973 1.14050916199
0.8671160077 1.39697115587 1.1499086623
0.821721215592 1.25456338008 1.19656437458
0.812040133196 1.30632013458 1.24960482724
0.758966765724 1.16302142788 1.25692985462
0.7577453369 1.2970045007 1.26622151389
0.734582186393 1.61415909336 1.26946974744
0.735480144328 100 1.2660424013
0.748900195608 2.47599313579 1.26815639796
0.741182116117 100 1.25972177722
0.746250012872 100 1.25781840332
0.75313338607 2.49063789818 1.25701762126
0.749895288516 2.49304412988 1.25015632421
0.757586163309 2.33371380792 1.24985959514
0.759803373821 2.174387709 1.24626548864
0.759263911866 2.01506727375 1.24097641846
1.01770414048 1.85575405022 1.24230729475
1.70873362037 0.850700075235 1.09355468122
100 0.850700075235 1.0288911186
100 0.850700075235 1.02292327525
1.73363344843 0.850700075235 1.07662766088
1.51185422069 0.881591711566 1.14592784865
1.51172008927 0.961665186622 0.993476036914
2.14234245093 1.27724784727 0.884426307303
100 1.41289974499 0.830297937911
100 1.49244270872 0.802685626961
2.0604673374 1.3519214055 0.793611464211
1.55829724245 1.41655330839 0.759081149242
1.29840395507 1.27279090686 0.76385248794
1.29537933873 1.33690447146 0.721087944979
1.08502094922 1.19291673227 0.688885975319
1.08227779104 1.33808660865 0.685489199128
1.06550333991 1.670536544 0.685172762467
1.05900568796 1.76728934347 0.709401339535
1.0371011495 1.79573100094 0.714237463129
1.02319788758 1.86307355197 0.730757621858
1.01152865213 1.80926864023 0.758353406464
0.991524402122 1.79040752079 0.758573797314
0.990763094709 1.85921639838 0.77790747598
0.964443412252 1.71775740404 0.807457634362
0.946484128046 1.78617402775 0.803769970522
0.942363800856 1.64519931396 0.825531660504
0.917790389659 1.71318889653 0.835356694006
0.902092173058 1.57274894122 0.849638583436
1.01734556464 1.12647072209 0.803914937601
0.972792675689 1.50881514316 0.779313381861
0.97164802381 1.66530054444 0.779259109903
0.97081286587 1.76351162602 0.786639823027
0.965962049821 1.85033002289 0.790584074384
0.960083737561 1.73254660789 0.791905088746
0.961356125935 1.82036723164 0.803174581366
0.950416566593 1.9052285223 0.800080570844
0.948204212312 1.76418820975 0.807444294455
0.94523109323 1.84741955439 0.813874380008
0.936433439789 1.93130893068 0.81356945744
1.40932279516 0.539749719242 0.494739600847
1.33244493228 0.708597913353 0.494739600847
1.29985701298 1.13959356333 0.463952743886
1.31485627001 1.83535676944 0.463952743886
1.37139788644 1.58671402085 0.532555256064
1.26874942905 1.45770172456 0.644021017335
1.25975545976 1.49231724528 0.646487087608
1.15292788686 1.35285199952 0.752137517672
1.05088737991 1.21290666577 0.864431709734
1.03892843922 1.22202063088 0.868239127146
0.681270491803 0.870318561852 1.23306359602
0.681270491803 0.870318561852 1.23306359602
0.591574772981 1.0692453545 1.17669647862
0.60065958833 1.7466480227 1.17208505398
0.604383179993 1.76049747817 1.16339966964
0.666238385295 1.63412348385 1.15401267134
0.740860848201 1.49733176061 1.09019282222
0.736291403194 1.53775272173 1.03335386093
0.802324122387 1.39661960665 1.01819473034
0.813438161744 1.43803985115 0.955224433681
1.36017047613 0.75688889058 0.797975656716
1.24640876647 0.75688889058 0.658250757466
1.17558747108 1.13619479609 0.595670186175
1.15562839666 1.81811037829 100
1.18740643206 1.6194176429 0.633126803655
1.11326768766 1.49321839866 0.713995206104
1.10326000001 1.52988161105 0.723410779961
1.02190877625 1.38538840178 0.798158409807
0.947155323721 1.24382269301 0.881268060244
0.935740021492 1.27487547168 0.889909437119
0.657444382259 0.959709120372 1.17008398853
0.657444382259 0.959709120372 1.17008398853
0.605751793852 1.16436408211 1.14428773489
0.653174827856 1.69053394529 1.172472729
0.763967505752 1.43241187311 1.15666098275
0.763229755341 1.30018832921 1.14124723942
0.873066698737 1.16167158178 1.03366305578
0.991659758684 1.20859345826 1.02672802706
0.996327721649 0.964651643117 1.02267235611
1.12586106633 1.02221416834 1.0261826984
1.12947075593 0.98346934536 0.887283757034
1.02690653261 1.12393117699 0.794520006118
0.985732453026 1.29356430037 0.79271811171
0.989140898559 1.47594112658 0.761108481754
1.01086015478 1.33829672524 0.758063708878
1.0066519861 1.71479943294 0.745695019668
1.00818487393 1.59005346807 0.752548902202
1.00077791175 1.6752170507 0.749225312221
1.00188352321 1.7586907874 0.75747825815
0.997343332854 1.61759716307 0.758264574907
0.992213637638 1.69963925005 0.758311531119
0.99536121436 1.78250368547 0.769136544326
0.987251992682 1.64119404908 0.76535774756
0.984126402431 1.72326126816 0.768042791376
0.984883622802 1.60569564839 0.774605969602
0.97787964975 1.69166596776 0.772151349504
0.979746875242 1.77500617553 0.781080286409
0.974007877799 1.63471801571 0.780474024674
1.26698316288 1.17254595044 0.748581283962
1.01144949615 1.81610339912 0.759273636772
1.00659041131 2.09184550689 0.761471387287
1.00495097267 1.95538463769 0.815509446612
1.18715436761 1.77530491261 0.878293830002
1.19238013299 1.59277018492 0.885360117563
1.44211492162 1.46110186094 0.936898697202
1.92735593185 1.30981078347 0.999730915538
2.18100193329 1.15532451856 1.00133922124
1.96799955387 1.08604470063 1.06168782254
1.36036717471 1.08181325509 1.16175649204
1.36123353962 1.13303995012 1.30206004826
1.40898382155 1.23473659415 1.16498461953
1.4036343281 1.30000535159 1.05959678046
1.40473361243 1.17008477971 0.967461492785
1.27497294598 1.23279694596 0.892203837366
1.41817929507 1.31788002034 0.889527639577
1.22995225496 1.38032935515 0.835449278393
1.22582702074 1.26172517142 0.840614947686
1.23882946327 1.32163921629 0.782653473452
1.28121184591 1.17789179511 0.734597143634
1.28793497042 1.31586747011 0.731017577575
1.28636957489 1.63806806958 0.714348257124
1.28427976164 1.72937360745 0.721556565253
1.28044639564 1.58935782901 0.72722822774
1.27310916238 1.67294612817 0.726940346179
1.27224661425 1.75704855711 0.737972214856
1.26541864422 1.61567510578 0.738673675977
1.04350978883 1.798364597 0.957712366098
1.03298217523 1.54257610863 0.983376821912
1.02067549463 1.41890581975 1.04100525949
0.963264259266 1.4655807386 1.05261018369
0.958303163619 1.32468957158 1.1067870349
0.894239254323 1.36970943722 1.16783943486
1.04934201 1.31602056075 1.08724484399
1.0497742004 1.42867397211 1.01252153266
1.06046757054 1.48833538217 0.955308981255
1.12033669608 1.34734376188 0.941884570759
1.04480806164 1.70155149653 0.971128807946
1.04021044704 1.45281858549 1.02287465526
1.04045234016 1.51160831999 1.03098467816
0.970113925031 1.37158171289 1.09163278064
0.907051320559 100 1.15930496435
1.04907865899 1.41825051512 1.09435940954
1.04485411114 1.53462061159 1.09161894918
1.04582291709 1.40692004128 1.01573009284
1.36230293648 1.42050092058 0.943466530249
100 1.27539758058 0.936148514525
100 1.13360484766 0.858839581921
100 1.25048884899 0.858853385411
1.71300588739 1.56974437903 0.806389957893
100 1.4379244998 0.78230830162
100 1.44581321148 0.770704374122
100 1.28725655458 0.764481020316
100 1.12843108231 0.744811016012
100 1.05696250805 0.744903490901
1.96107514253 1.02540133612 0.753646453622
1.74204016432 1.04822263438 0.833051374486
1.68734429157 1.1327724409 0.970678151968
2.05591166646 1.26267883994 1.13099701465
100 1.36562199853 1.04039144472
2.43002522377 1.39153204923 0.968878834822
1.95530227553 1.25233564388 0.905671452199
1.70526955726 1.29188259936 0.895253901177
1.45674772132 1.14875533101 0.82497938896
0.919289579222 1.58197475207 0.998471238772
0.921027905896 1.32458402838 1.03925244265
0.860153043269 1.38938861879 1.05252544593
0.860941330332 1.24723914649 1.10578554208
0.792849061208 1.10612003442 1.16654480199
0.7397351728 1.19080133564 1.1725578554
0.738560494955 1.8212866955 1.16424752679
0.749547546302 1.94539336223 1.16293808441
0.789866813629 1.8157972067 1.1277167216
0.79586940465 1.87629732433 1.12316785587
0.831209859954 1.70759690079 1.08115735905
0.871329330766 1.76541953436 1.04454478877
0.879595813099 1.62463564594 1.04179429146
0.912581374633 1.68251419727 0.999154458299
0.954214028447 1.54160117002 0.964306639793
0.959262661371 1.59960624299 0.958818758162
0.994336622304 1.45856410795 0.917448539262
1.03722161445 1.51671212855 0.884699454678
1.13538199387 1.74447517849 1.03955410411
1.13963349322 1.67837296783 1.06674032311
1.39004295379 1.53971025474 1.12108093435
1.64456915361 1.38710112956 1.12713048119
2.13301194178 1.23239011728 1.17769952041
2.38940345558 1.07824827056 1.1933523621
2.17668257048 1.0095458531 1.23450538749
1.55732725241 0.993882385521 1.41963126205
1.38180461413 1.04084228231 1.12635788575
1.37948933779 1.13202121172 1.00878662256
1.45533196943 1.25882495175 1.00703147588
1.44503204284 1.37347944353 0.932294126338
1.43122010249 1.43912208539 0.880385771063
1.26092977047 1.29866869446 0.877729195058
1.24340685963 1.35135804176 0.819494160125
1.24604938959 1.20696081565 0.770303183937
1.29834541468 1.2603837225 0.764827944363
1.3100377155 1.11479362233 0.70740798666
1.13185553786 1.95117101602 0.883879538296
1.12993475946 1.67198986077 0.932567343152
1.07989109862 1.73429650012 0.935678166104
1.07604830222 1.59409599364 0.986315556428
1.01987798625 1.64584459599 1.00028208839
0.971030977481 1.50257434726 1.29287608618
0.964766303472 1.5548180885 100
0.909406794238 1.41065920965 100
0.862363263006 1.27013469503 100
0.853536575722 1.31890625324 100
0.799171050483 1.17757580939 100
0.79824860542 1.30420692395 100
0.773383710857 1.17458583008 100
0.782269963028 1.12923017691 100
0.855606591378 1.10990058393 1.72174408401
0.986478208783 1.2010486776 1.67375694399
1.21317505319 1.25508388241 1.66374721506
1.08123060542 1.12676325008 1.64550670972
1.07218815718 1.20204371332 1.64006749579
0.969046175449 1.27669491713 1.8328020233
0.883715205288 1.14365794251 1.59335724164
0.82655107436 1.24755337605 2.04461496814
0.820549601345 1.57322195857 100
0.809683278646 1.66005724532 2.23758835412
0.802760517752 1.52177893272 1.47787021186
0.80327079846 1.59682704991 1.46125992333
0.788735514461 1.67313043112 1.23248920187
0.784572293603 1.5311530993 1.220071729
0.780645820805 1.60667267237 1.22837470195
0.768509272534 1.46573202971 1.23149451961
0.767054797493 1.54047875265 1.24129817746
0.758537798808 1.61689414082 1.24671711756
0.748928759664 1.4746087427 1.25151673845
0.754899978932 1.55031960194 1.26287471042
0.736978162255 1.40910904541 1.26549928262
0.817398523439 2.31571609562 1.20367597118
0.808460962696 1.79565159064 1.20339928776
0.803491522119 1.67146485954 1.19770622542
0.806046032358 1.75525285351 1.19774414903
0.810734752718 1.83739424921 1.19926595396
0.805781273603 1.69616749414 1.44427213894
0.811014231699 1.77692276903 1.45287092222
0.809142818507 1.65918170687 1.71893109522
0.809770072046 1.54623331458 100
0.817369075456 1.38805910192 100
0.812482285842 1.19730754086 100
0.821098363911 1.12580678831 100
0.885926358242 1.09494518167 1.91199870782
1.00797765543 1.16700962749 1.65755858043
1.17086358338 1.27828087722 1.65761277693
1.11576096985 1.34031627208 2.03096148587
1.01700050761 1.20943812372 1.80339492087
1.00332085866 1.22548919771 1.57433368959
0.89795643223 1.07995183868 1.56630417905
0.895298592098 1.18413592202 1.56739088079
0.816234074278 1.55597940154 100
0.798399544887 1.68434304288 100
0.806552116611 1.77670056538 2.47084676978
0.809712615225 1.86211206382 1.45444116609
0.81138048166 1.7224878396 1.43898758674
0.823192621169 1.80517597817 1.18936469672
0.821844444202 1.88855533963 1.18062870591
0.826064759643 1.74862516827 1.17573409101
0.837913243189 2.43253196003 1.17625581453
0.833343162644 2.31976310976 1.16668294331
0.841303477673 2.36808509494 1.16288153959
0.848875787743 2.22821789082 1.16043243011
0.848131887697 2.30391448114 1.15189079712
0.857066295276 2.38066928398 1.15047761025
0.860490687645 2.24004401646 1.14498546205
100 1.59540252793 1.20993385521
1.82788713323 1.52868185458 1.2149290804
100 1.35723103263 1.21601350509
100 1.20056457778 1.22274005184
100 1.04176225678 1.23202638024
100 0.970190632848 1.2332971863
1.78950760485 0.939100444306 1.3515627696
1.58858220543 0.947928728094 1.35659941788
1.40398992355 0.919070558989 1.17784299898
1.40245541297 0.981066691736 1.02624734658
1.45915657771 1.09598709686 0.913404007901
2.15062181354 1.455391285 0.857706364776
100 1.82114301758 0.858944961051
100 1.9181741474 0.852949447927
2.06545060999 1.78062572667 0.855947519368
1.29937780952 1.86195338951 0.860390509143
1.28861822954 1.94365836724 0.856416356714
1.04090422095 1.80265498227 0.862030905661
1.03835191865 1.88350733564 0.862331556675
1.03463902136 1.96521167193 0.860707088021
1.03885397451 1.82393372889 0.868593219772
1.03292356928 1.90492479493 0.864866022817
1.03112638072 1.76502759665 0.865552755647
0.923581666473 1.99599461197 0.971465961327
0.92339704168 2.38507906912 0.977098495314
0.908107317073 2.46241312442 0.986960354461
0.90829743548 2.32525056316 1.00389073962
0.885916371252 2.3856470246 1.0175507349
0.869283482224 2.47353304969 1.02573683132
0.871185838476 100 1.04201146734
0.847361345396 2.43675967826 1.05228941588
0.833052965981 2.27751931403 1.06264408499
0.831125396415 2.11829674212 1.08074688253
1.05904767198 1.95909681499 1.08766869491
1.06508548727 1.79992564613 1.10003018201
1.57538118704 1.6407916264 1.11982519107
2.08701093897 1.48170672959 1.12361130041
100 1.32268868137 1.13784405817
100 1.16376488501 1.15122616614
100 1.09237028612 1.15743544844
1.75559702619 1.06167829622 1.28913507752
1.36620962509 1.05477426253 1.41514447042
1.36670681073 1.10908595467 1.29393435852
1.36926088732 1.07952184828 1.28910853615
1.36861296613 1.17672563551 1.14141945912
1.43557419689 1.30305857956 1.02894710997
1.42631345635 1.3912550362 0.952621016738
1.42149319793 1.25911460722 0.952981958434
1.262929502 1.30193876518 0.876165310049
1.25630466502 1.15732911881 0.806943523042
1.25932490077 1.28314172587 0.803190510652
1.25289594075 1.39859432282 0.763060722533
1.25210471377 1.4531924687 0.747912733046
1.26466224932 1.52872484099 0.755885666609
1.27300721272 1.38681921523 0.73230232367
1.28076429089 1.46029042567 0.719704765534
1.29495265837 1.31903628172 0.723217743896
1.30051527748 1.391708951 0.701945770253
1.3099071351 1.46647934024 0.692190634063
1.32376013757 1.32334267383 0.691010322606
1.32846805235 1.39746629416 0.672208972624
1.33941378655 1.25524218173 0.665544887251
1.0724793291 1.7010046134 0.944394834028
1.06757510444 1.61713587567 0.993978256678
1.00679185692 1.48485512317 1.06395326132
0.998258758599 1.34583847973 1.06669212986
0.930530329521 1.3871240349 1.13161675448
0.870614701152 1.24438837465 1.14496059443
0.859730229861 1.28725898969 1.20443977946
0.792531452698 1.14288244188 1.2700743889
0.790867556653 1.27003787059 1.27229367773
0.753140703523 1.57793530438 1.25954046181
0.739808911431 1.46579245854 1.26044852449
0.745951575504 1.54774304755 1.27176494269
0.728072929548 1.40728611981 1.2740998449
0.721549797259 1.48277106146 1.28076336209
0.722331268314 1.34231571686 1.29151032991
0.707158520165 100 1.29338028611
0.703529964207 100 1.30162903776
0.69944579988 100 1.30959260979
0.686916746013 100 1.31308327416
0.68633310996 2.34194823955 1.32284198242
0.677109330126 2.18302127236 1.32810373222
100 1.48485999553 1.30009243532
100 1.42372384695 1.21466426424
100 1.29430975997 1.14268486088
2.45880626102 1.14359163482 1.13053632485
100 1.07505375651 1.0641220632
100 1.04390845468 1.04493199318
1.84879989746 1.03664657476 1.08312438986
1.40157459243 1.05263843966 1.17373425453
1.35982030645 1.11093703248 1.30070782827
1.5495065679 1.20359727159 1.15845747849
1.53781349301 1.29011895338 1.04811768108
1.30592082632 1.16238891294 0.953054055787
1.29151278964 1.22664359881 0.946507692857
1.50210052774 1.31235290435 0.870890469946
1.25150647023 1.18104612786 0.814294345189
1.24825203763 1.31072659217 0.813329309532
1.22875701333 1.62058482675 0.787096663752
1.21622955964 1.70847680511 0.784111068116
0.970941290265 1.79165104426 0.793065539261
0.964390602636 1.65090509487 0.788341534875
0.962588401699 1.73186987497 0.78945088346
0.967314537979 1.81371047173 0.798485484416
0.959053883908 1.67240766656 0.791764977828
0.959327492062 1.75346316713 0.795388277635
0.96044300273 1.83541679852 0.800006186352
0.954215930113 1.69386264607 0.795809677213
0.932048843069 1.67753258026 0.819419524698
0.935725912631 1.86826638439 0.832063735569
0.916755197174 1.73781201241 0.833876344625
0.907584930191 1.81231695481 0.848054322436
0.89742324552 1.67062213238 0.872069073438
0.88128150421 1.74235898856 0.868729145764
0.883318103538 1.60084383749 0.885558546264
0.860085855387 1.67195667608 0.894703855802
0.846235458989 1.53113790117 0.904556196855
0.844487052932 1.60165853669 0.923481520308
1.33824983325 0.715080177259 0.67748825758
1.23566738402 0.874725824553 0.589939887958
1.17209061913 1.29159696989 0.589939887958
1.17209061913 1.8256584601 0.601720702361
1.21389064956 1.55729102497 0.701051358278
1.12098151725 1.42410724301 0.708868056155
1.11140950048 1.28398134945 0.793149660665
1.01177239661 1.30349238298 0.894508275305
0.917761182709 1.15821317433 0.902269781677
0.719291514475 1.47504083954 1.03244369798
0.710405155829 1.20373017882 1.06359868946
0.708035533898 1.28307120658 1.06518235187
0.667166403413 1.14178305661 1.10128294631
0.667730786297 1.2867873233 1.10272827388
0.657212535386 1.61897366117 1.09328875129
0.674731961428 1.73755616131 1.09313850699
0.680362056087 1.6032440516 1.07235066128
1.10597609181 0.951061774776 0.909727395453
1.01240268523 1.09533625711 0.807648013356
1.01505477825 1.25559435075 0.806294494982
1.01152550705 1.37019650903 0.756261776952
1.02034857246 1.23915507728 0.729654269319
1.04536315628 1.30538754763 0.725581898381
1.07838459483 1.16382642115 0.690963083014
1.07704608698 1.30778567836 0.692184793654
1.06286394364 1.82866773432 0.687305265456
0.840900933945 0.971894798051 1.06628557418
0.841307660954 0.954619133604 1.06848177812
0.751800098497 1.10879503188 1.07003025317
0.750135996791 1.08092565367 1.06998885323
0.717964106087 1.24856245265 1.032592858
0.713277094647 1.3699900465 1.043873833
0.699012992531 1.45436898767 1.05176924592
0.69988197764 1.31344647426 1.06912099822
0.67754763059 1.38678802469 1.07431745756
0.667255907978 1.24449726293 1.08599029571
0.953714419036 1.07815334964 0.950249132314
0.888916659398 1.41085262774 0.879063688363
0.900869645796 1.32560765154 0.880476218447
0.934192368337 1.39306987762 0.833665303299
0.979272782742 1.27681396905 0.801596882402
0.978997026077 1.33954585806 0.791234963179
1.01879902088 1.19872815257 0.751095806578
1.02366541404 1.29652821332 0.750248821406
1.02331579545 1.65490389214 0.726889848129
1.02303970834 1.50023970274 0.731375341036
1.0234201128 1.5830388811 0.737343236609
1.01660030571 1.66538112191 0.733426810935
1.01788694065 1.52513606333 0.740748227365
1.01457441784 1.60622784696 0.74172410653
1.00972659519 1.68828564176 0.740622178603
1.01300658519 1.54778230919 0.750557067026
1.00046077385 1.31358402128 0.772182431672
0.998198620034 1.68679432326 0.751917161542
1.00249401526 1.7863438377 0.763955668322
0.992454674942 1.64825423078 0.759094268578
1.00713999165 1.73156943688 0.763909981601
1.23872831705 1.81514416098 0.772730075287
1.50386886476 1.67378453127 0.769521096672
2.2666522915 1.57732084568 0.776978558499
100 1.41808825034 0.781208485366
100 1.25888730902 0.780658586585
100 1.09973292728 0.790596689517
100 1.02819976625 0.787062266725
2.19920837399 1.0015961471 0.829709453498
1.57208963975 1.00953044856 0.93434465303
1.58152181278 1.08598983786 1.12906684449
2.00297525692 1.34817480709 1.02714202797
2.21771068516 1.46452741943 0.965948482962
1.96671931728 1.33873414278 0.961657392027
1.48173856424 1.38761126857 0.900613223702
1.46652198583 1.2461452433 0.848053637025
1.30003297524 1.29357067057 0.839530864535
1.28443583581 1.15036241784 0.779492623537
1.28327208743 1.2804855535 0.77885952565
1.26746762782 1.59246607864 0.7480994203
1.25896185849 1.68002267837 0.741102482179
1.26401399533 1.53953741781 0.746686041214
1.26251603323 1.61940678126 0.741211704829
1.26262682019 1.47890273737 0.738454306124
1.26923279805 1.55761167776 0.746779418672
1.12974971405 2.04773560077 0.880680182997
1.13685110062 1.89829498169 0.884309496634
1.09870311018 1.77369088944 0.917933730913
1.06829463668 1.8355931617 0.931758663676
1.05500428575 1.69462986651 0.96165717246
1.01853070947 1.75356287237 1.00011756532
0.935189747422 1.94111273202 1.06715505345
0.931475616421 1.46430525619 1.08409016688
0.900307007816 1.53790385847 1.12706077857
0.886994425193 1.39934865082 1.13078678878
1.25732534356 1.07423781914 1.24435467582
1.13661107045 1.18806127092 1.10276640804
1.06911457898 1.32322901914 0.999481353061
1.08028009242 1.41951549986 0.938346134727
1.12267991789 1.48354595457 0.895024858735
1.00742049686 1.45085359288 1.05724766827
1.08398485474 1.21992744188 1.15233508207
0.975411612826 1.09499311958 1.16182981888
0.880081048994 1.14935892266 1.26310682178
0.876066755973 100 1.18912670434
0.815972844726 100 1.19980995389
0.81365753976 100 1.25198135334
0.75053703127 2.48463102057 1.31153039569
0.697324805415 2.33121800872 1.31877591648
0.690990600708 2.17821497905 1.3736718245
0.628663931193 2.02481605195 1.38935038741
100 1.86858127131 1.43976620039
0.809330856257 1.71291912026 1.49560313547
1.22940396761 1.04065152806 1.35134168925
1.23083548566 1.02354726969 1.35038634529
1.40970495946 0.997598335292 1.34778425608
1.4142754216 0.965136133429 1.34226553979
1.24894960677 1.03557989746 1.16941393457
1.12077680841 1.0065162383 1.02468131379
1.04557441955 1.29022600967 0.919011244097
1.05410247908 1.22456924329 0.857599586913
1.10789945118 1.28529427803 0.854003737029
1.12176618306 1.14639759896 0.792997116329
1.16920836331 1.22400054983 0.747592733959
1.16308611873 1.54772557158 0.750420863177
1.16688258399 1.41483209794 0.729617150944
1.17669820476 1.49107707959 0.721896283209
1.18858877008 1.34951899904 0.718112601154
1.19336871506 1.42319103592 0.70178462296
1.2050855165 1.2822712411 0.697151113237
1.21391808144 1.35507180392 0.688277741606
1.2205036335 1.43000012049 0.674663263844
1.23383470557 1.28719599971 0.68184209392
1.2397524528 1.3614254342 0.658998875007
1.24805114084 1.21962481226 0.64833412297
0.941361389406 2.06768170955 0.973889128837
0.935933513784 1.98101489786 1.02471983509
0.942367882594 1.84274002597 1.09976788916
1.09207546581 1.6925675044 1.11363528584
1.09653488097 1.54167314548 1.18484994786
1.34072920893 1.39214627359 1.26206336825
1.58643989914 1.24495656183 1.27478942131
2.05812984119 1.06251773997 1.34987849052
1.8567312584 0.982140396374 1.4258743343
1.47574631062 0.983246492777 1.35295466212
1.32161881641 1.04553271382 1.18012532432
1.32328490875 1.01853927213 1.03633376875
1.44036322338 1.12880698888 0.931349293521
1.67979236647 1.4864186392 0.882432083308
100 2.07527958832 0.891039606539
2.12376999012 2.06215547414 0.889654126731
1.3534529591 2.04088768723 0.902794773708
1.34340265668 1.99814808162 0.911941821452
1.19202893492 1.21463729814 0.823536032373
1.19393259439 100 0.826100059944
1.20604279068 100 0.797446198036
1.21965710194 100 0.781792440783
1.24050828839 100 0.775701445681
1.24882631034 2.47067826256 0.752089796092
1.26473603297 2.31206495992 0.760386242727
1.28159766191 2.15353451797 0.728491053722
1.2926939807 1.99513105363 0.957331802349
1.31024285006 1.83689237466 0.956743944586
1.32414896358 1.67886608832 1.46385586989
1.33701719898 1.52111859862 1.97274233591
1.3560871867 1.36374669866 2.48231221329
1.36722538362 1.20689732992 100
1.38174837324 1.04935422062 100
1.40579092396 0.977678766213 100
1.46403275022 0.946328822409 1.92213806589
1.29226656924 0.971414597196 1.53616493822
1.1241577783 0.948301827535 1.37591821678
0.985735947042 1.03341521075 1.3784938292
0.982143291619 1.00686397094 1.37874101414
0.880940467911 1.12688928286 1.37647014231
0.880169817713 1.29991546892 1.49191198903
0.832688406146 1.43680031607 1.4825877387
0.836045575463 1.31186818844 1.47004647439
0.793429111245 1.37534913049 1.27367677368
0.76101728144 1.23494247542 1.25935821542
0.759456202212 1.295425759 1.26498416917
0.718787492612 1.15440818699 1.29678583044
0.705902771844 1.49941283599 1.30025369545
0.749268471364 2.10741416349 1.28815363861
0.741112494412 2.03104638272 1.27445807388
0.784064903711 2.09101947784 1.23979306545
0.789061281217 1.95036914532 1.23153609334
0.780070033061 2.1899769609 1.22223856735
0.780968045815 1.67344717282 1.2194449351
0.786053434296 1.77082306585 1.22230410898
0.783492653187 1.63241916762 1.22112657701
0.780746638972 1.71307433856 1.21991093735
0.788559175715 1.57284362079 1.22547437585
0.780887075926 1.6520290799 1.22110310373
0.780759228621 1.73231967906 1.2215726278
0.787044820659 1.59144682094 1.22614878893
0.778962764824 1.67091607907 1.47149562649
0.781381556606 1.75147031062 1.48275866793
0.78073939474 1.63250792992 1.99692917496
0.778331628334 1.53115839527 100
0.786985527111 1.37283557257 100
0.777908315906 1.21370476871 100
0.7785909889 1.05442009681 100
0.777308556957 0.98278083382 100
0.807514952855 0.95168207439 2.2299955053
0.902190118165 0.968551018403 1.80556858975
1.08429436098 1.18089208729 1.97445919972
0.984495064356 1.34604836242 100
0.933988096575 1.65391737392 100
0.904672710922 1.5238885146 100
0.900574598045 1.58904099155 100
0.865003907766 1.44769379492 2.23996731928
0.838735586999 1.51054409212 1.73672808002
0.830624760823 1.36882173567 1.47506749965
0.79687899736 1.43149530817 1.46776958805
0.802582434531 1.28985272749 1.25952371753
0.760955573494 1.35242449404 1.25561889275
0.729333789639 1.21089228105 1.27182955055
0.731843747716 1.27335282849 1.294790053
0.691596257012 1.13194720724 1.32414942122
0.679958496898 1.27405098719 1.32725459002
0.683843363783 2.35440589655 1.31882713002
0.698643468951 2.42973024526 1.30418163195
0.726936893184 2.2899372775 1.29179705798
1.04628481122 1.84136920138 1.2179299943
1.04924308899 1.93974432954 1.20249879412
1.31592949892 1.79488721996 1.19226004995
100 1.63955285407 1.17358408786
100 1.48238113886 1.16207858444
100 1.32518237921 1.14676180099
100 1.16845696123 1.12989397469
100 1.09808991567 1.12502823723
2.05197081579 1.06646832367 1.13780529842
1.40303799945 1.05811489327 1.3058717196
1.40168836266 1.19883303529 1.22007129907
1.40105927533 1.17294200417 1.10133176522
1.60611521757 1.45553917104 1.02418548987
2.04525899727 1.57752997544 1.02167617502
1.55988314604 1.45026360646 0.96588600442
1.30484038898 1.50374451833 0.919590124392
1.29576954288 1.36097080484 0.907214592192
1.12054539965 1.43610497004 0.856626189268
1.10888255864 1.29585328312 0.85219496259
1.11911677198 1.15558965402 0.794633978682
1.14033045085 1.2441515569 0.754798816086
1.15500884249 1.56637798314 0.756409605948
1.15545068881 1.43410776103 0.740038590448
1.16408137365 1.48290012801 0.732762250384
0.978828119401 1.62975881684 0.935837929841
0.981019015826 1.54594019083 0.979049921206
0.922806958615 1.41383988095 0.990678843649
0.873392401011 1.27523137063 1.03996669773
0.862197915685 1.34584097802 1.09769996445
0.80865358115 1.20775113789 1.10259902337
0.805554025214 100 1.15633484533
0.744220457571 100 1.17097423282
0.692672879778 100 1.21948574433
0.687058608594 100 1.27439217719
0.628005134138 2.40722730182 1.28343441995
0.633739351107 2.25587930316 1.33492999337
0.56666845035 2.1258931694 1.34791242894
100 1.97560948589 1.39671365522
0.750381908963 1.82184904714 1.45179628905
0.998401709838 1.6681236106 1.46311412307
1.25244991269 1.51535739107 1.51399584628
1.73560213046 1.38760527103 1.52864932791
1.98952334486 1.23530466065 1.57650004473
2.47589425733 1.07955914449 1.63006477675
2.0399508398 0.998038149854 1.69254815303
1.63357306595 0.991861509387 1.56848129403
1.45609919008 0.960152602447 1.20259057695
1.30469464902 1.02016371946 1.05443762047
1.19105539983 1.13028358082 0.945549521405
1.19101998904 1.27803006928 0.944990354117
1.1783327213 1.38050576787 0.884783576636
1.17088491888 1.44962017975 0.845888039964
1.18286572288 1.31068317102 0.847903311622
1.2141872615 1.36970557765 0.802502244972
1.25221746704 1.22846493674 0.766643191533
1.26142105629 1.2872368233 0.765374566328
1.29449830708 1.14574577512 0.721290845406
1.29952009763 1.2846317601 0.724032561413
1.29571528777 1.63345288466 0.705042679205
1.28722768228 1.73081206061 0.719080376546
1.27569007243 1.82094552719 0.7463694082
1.15510466332 1.66041799299 0.85018737961
1.15479786911 2.04654844827 0.857854774772
1.13841107433 2.06325546752 0.862445332954
1.12685004401 2.13610290811 0.87755624452
1.11532493978 1.99596977432 0.902400574372
1.09804784681 2.06528383688 0.901952804833
1.08833777597 1.92504071411 0.91988211353
1.07308316915 1.96561028629 0.943578077671
1.05496483732 2.03575513618 0.945114620138
1.05326185191 1.91674101421 0.962439463439
1.03158868847 1.99140747946 0.970527415775
1.01822291874 1.85080189657 0.98391377415
1.0099834072 1.92075725584 1.00574881184
0.990466402088 1.77980093722 1.0099792554
0.979278647098 100 1.0256327525
0.96736384117 100 1.04049619881
0.949817443438 2.48530778763 1.05018894319
0.947573203206 100 1.06817096668
0.772968281233 1.86038938995 1.24465183484
0.773120769909 1.79527972265 1.28875982227
0.964769823199 1.65932017811 1.29929262163
0.952360908057 1.51028142345 1.3536970951
0.965673998476 1.35995422731 1.41413916236
1.44900017677 1.20412847446 1.42337445259
1.70269521063 1.04775627339 1.47943997984
1.72706013613 0.92835893316 1.54166228171
1.51846945725 0.892985914563 1.53335302949
1.32393393564 0.896745743952 1.33382217797
1.52215545741 0.838506085833 1.53101618045
1.94767107549 0.810224259631 1.64276671175
1.95196453805 0.787452740722 1.5214339225
1.54409332565 0.779684291598 1.30861953999
1.36767546837 0.750695918377 0.938120143488
1.21921440519 0.818034053477 0.936758625184
1.21935451716 0.934360676338 0.796495379722
1.35254439296 1.10978463664 0.7104483395
100 1.52995814309 0.70593324165
100 1.66213531499 0.710235449317
100 1.53690846015 0.756146290982
100 1.59068665884 0.815450723082
1.19964376206 1.44839554088 0.815920813853
0.906464460309 1.50003420245 0.867637443071
0.894058779394 1.35627738912 0.927548120934
0.841515908268 1.40888671948 0.926276949147
0.842447274042 1.2641931452 0.979345254736
0.782369544582 1.12347546195 0.990290408652
0.989334943688 1.15410091884 0.833366010588
0.941030525377 1.53353805862 0.812063924333
0.939719579753 1.91022118673 0.810751533125
0.938981428756 1.78488562903 0.81986350405
0.931695880714 1.87166639104 0.82358574927
0.923735644489 1.7815421264 0.826899205406
0.924735965725 1.81636487813 0.840196733584
0.912921067612 1.71726206074 0.839376469857
0.907173842484 1.79186364898 0.845239183096
0.90730364081 1.84414955049 0.857322736544
1.08005861852 1.13718454034 0.745537092975
1.02496896906 1.31719563001 0.745537336573
1.02140412437 1.66636454669 0.728598054946
1.02418393929 1.53684178634 0.737970126776
1.01779616346 1.62067733597 0.735737340208
1.01411669038 1.70369539433 0.737423886224
1.01806789283 1.56297475124 0.760474289664
0.806417654296 1.22861530307 0.963546674306
0.871212810288 1.16716666818 1.03483039003
0.781963154089 1.07851415096 1.03816990732
0.783899260397 1.23108326098 1.03911906932
0.730838308186 1.34581611861 1.03706789488
0.704538769527 1.23585658375 1.0457460148
0.695864713197 1.3075786039 1.07351437077
0.663983412553 1.18714449336 1.08631877894
0.659873155476 1.33837991414 1.09844092341
0.837748408599 1.42105189465 0.987108866657
0.835447039664 1.33944557167 0.98533486998
0.84480618316 1.41799300157 0.924123397714
0.898416389172 1.28285670461 0.925264333801
0.961254558103 1.33083037269 0.859458873525
0.965928988709 1.18775799542 0.801846433074
0.985417779116 1.27608821504 0.798221880833
0.907528846831 1.84450855312 0.856954531928
0.913206573044 1.5956335038 0.857487978626
0.883393486405 1.67995000112 0.887899992212
0.864176984573 1.54076784032 0.886587571061
0.856755425517 1.60890323484 0.911142986108
0.830219364466 1.46681064884 0.921621710805
0.813567497276 1.53401038879 0.9394789351
0.773673928733 1.64345388877 0.995929623885
0.772187124998 1.68973405355 0.977823138985
0.779679868107 1.56546911909 0.984826184488
0.771579671506 1.64763394479 0.980617451641
0.770545008217 1.72836440908 0.9821067999
0.775796327219 1.58673693244 0.98853415801
0.766739674145 1.6660673452 0.983757756009
0.768350291523 1.52568868655 0.987320738583
0.769074800154 1.60413353166 0.990185200866
0.76256061756 1.68380402658 0.987441147466
0.766783534997 1.5427718817 0.99299997968
0.76294946461 1.62161829152 0.992337897374
0.7590125171 1.70164105118 0.991611448734
0.765861420708 1.55998477248 0.999143446682
0.757429796765 1.63921892661 0.9949846509
0.967901066358 1.23812895009 0.85822312782
0.97432451297 1.35213751681 0.794796292832
1.01971283114 1.22008151089 0.753298029549
1.03004518483 1.27972800311 0.746914147944
1.0703344036 1.1352431227 0.697432591061
1.07614047449 1.27533036967 0.697712583478
1.07489927052 1.60108010564 0.677958671151
1.08640739745 1.6937835105 0.683948366743
1.31572955096 1.55375550498 0.703296267206
1.33157398596 1.63873038628 0.695467070607
2.09174802134 1.57549717226 0.70590203346
100 1.41615910312 0.713598808904
100 1.25681326074 0.715265865105
100 1.09746938086 0.7283935593
100 1.02580898411 0.725882432324
1.82101926079 0.994661762758 0.771519308108
1.61982560039 1.02165156868 0.882379894217
1.62003938304 1.11088842466 1.09939450193
2.25450447789 1.3940897405 1.00960103302
2.47071958569 1.5177468809 0.962240549109
2.21764461383 1.39184356982 0.95102567427
1.72937695456 1.44455646652 0.899155938562
1.47475861087 1.30260877886 0.897186069889
1.46661371412 1.3534676941 0.838343045786
1.28669022982 1.20997997987 0.788200164292
1.27966518626 1.26195718542 0.78400661525
1.29240285266 1.1174088735 0.72581822646
1.30035988571 1.27101985757 0.726271676761
1.304161535 1.60074273946 0.699672893019
1.30217823071 1.46812320301 0.699698888723
1.18029662235 1.72720116096 0.82012530499
1.17463405565 2.06893657261 0.851033518703
1.15272411317 1.91827782561 0.848436242236
1.13863088584 1.98317337038 0.877323010879
1.11206617595 1.84364244032 0.888798490962
1.10713467877 1.90609408127 0.910969355809
0.989237376736 1.86904667802 1.01853694726
0.974824577019 1.78609107361 1.02518690343
0.966164730278 1.65517193445 1.05020088216
0.934423293219 1.51751848508 1.0850989862
