19
9.41211915016
5.77165007591
5.76772212982
5.72428297997
14.9975209236
9.32307100296
11.8739140034
15.0081408024
14.4441170692
11.8204159737
13.3128890991
10.6899199486
11.4433791637
11.5562989712
8.71607398987
8.81738901138
11.3831021786
7.63662219048
9.81888699532
13.74274683
11.0382609367
10.446516037
10.8308999538
11.8602190018
8.64484596252
11.0615918636
11.710119009
12.0020740032
12.4020249844
16.2498450279
11.0363609791
10.6492619514
11.232115984
6.71943497658
13.1946978569
11.5000441074
8.79078292847
36.7691669464
13.6790177822
11.7546079159
14.5644841194
12.1009421349
13.3692879677
11.8842248917
16.9318041801
12.4134190083
13.6568799019
12.740983963
14.4708819389
13.5542070866
12.4433708191
10.3458299637
7.31802892685
9.28463983536
9.18772101402
8.07280898094
10.7133741379
11.4562838078
