19
9.44097280502
6.84696888924
5.6079018116
5.21340703964
13.9814081192
12.189401865
11.7266590595
14.868377924
11.6767790318
12.0862708092
13.3474709988
11.0728750229
11.4840710163
11.494204998
7.07794594765
9.06305789948
6.99721002579
9.12604117393
8.29243898392
12.4953861237
10.5495951176
10.6880090237
10.3079779148
14.0216269493
12.7668781281
13.2028238773
12.2771890163
12.2798750401
10.5279109478
15.9745361805
11.6451849937
10.3435161114
11.8196179867
8.33964586258
9.78107595444
10.5512330532
10.9572658539
8.28420305252
11.9178669453
6.38679385185
12.2144489288
12.0677399635
13.4149320126
13.7622811794
10.3039200306
13.5455520153
12.2321231365
12.3746631145
12.7269070148
9.56971597672
14.7800300121
8.65734291077
9.21333384514
7.57043290138
8.27747392654
6.59353303909
10.0013849735
11.93927598
