19
13.1986629963
6.223954916
6.72058010101
6.10131192207
15.4357941151
11.594725132
13.7287509441
19.3497838974
18.8161759377
15.1932771206
19.0501468182
13.2870490551
17.3886950016
7.59858679771
10.2894370556
10.7972741127
11.0161049366
9.531457901
11.7063310146
19.081125021
7.75730109215
6.18331384659
6.7980659008
14.6684520245
12.8020761013
13.997303009
20.2946901321
17.95373106
16.145966053
18.2633030415
11.8636209965
17.2830049992
9.85669803619
8.80783295631
12.4127471447
11.7362179756
11.5400471687
