100 2.01556443707 1.0
100 2.21469976683 1.0002860248
100 2.17656380261 1.00222574583
100 2.15393932495 1.00424735194
100 2.0788159572 1.00262407617
100 2.02579351941 1.00006928359
100 2.1911178796 1.00126853356
100 2.13533364111 1.006397594
100 2.2164822572 1.00024025252
2.02525889372 2.07563543605 1.00236824925
1.26013878655 2.15552873057 1.00408408745
1.25000001199 2.01571476246 1.00000001499
1.00411492141 2.09489568441 1.00411492141
1.00502974547 2.14671669843 1.00502974547
1.00101988375 2.05490981687 1.00101988375
1.00619176786 2.1130567865 1.00619176786
1.00109882339 2.19422676295 1.00109882339
1.0009652748 2.05383827453 1.0009652748
1.00663350537 2.13349889631 1.00663350537
1.00030568579 2.21397836246 1.00030568579
1.00216979235 2.07304936337 1.00216979235
1.00435705072 2.15288856483 1.00435705072
1.00000395778 2.01312215062 1.00000395778
1.00384911959 2.09227078874 1.00384911959
1.00535175782 1.64311202763 1.01483581314
1.01040870701 1.97999904402 0.990843674555
1.01816517958 1.85192597172 0.986560559953
1.02576493605 1.92858210404 0.981930748082
1.02822927172 2.00477728519 0.971783027495
1.03875600674 1.86394451095 0.970140775371
1.04044615097 1.96175104763 0.961104792173
1.04726771417 1.82572826548 0.955928095124
1.05685125343 1.90147597103 0.953498268523
1.05728050488 1.78418036899 0.942936965489
1.06895630719 1.86323253081 0.943289968922
1.07047767769 1.94013869738 0.931797989014
1.07652535184 1.79899550458 0.925364786722
1.08807479089 1.87440922484 0.92538768126
1.09086582759 1.92243526208 0.91239711265
1.09622873519 1.8031153528 0.90732006313
1.1047400402 1.88372818265 0.90432119043
1.10686876844 1.74315025167 0.893140594911
1.11656449774 1.81881458207 0.891249571501
1.12160426798 1.67833531894 0.883542901849
1.37571573013 1.75312833005 0.874639451693
1.38886747385 1.75936068816 0.875153637897
2.40670393955 1.60007269232 0.86333153177
100 1.44080085532 0.856718267813
100 1.28155150498 0.857542453022
100 1.12233427659 0.843640422541
100 1.05076084315 0.846692728536
1.87453231762 1.01980984223 0.922314249717
1.659184486 1.01956899843 0.922186332475
1.61904743461 1.0819109924 1.17189699463
2.00078635966 1.32499123418 1.06085379239
2.4175743761 1.41084405375 0.984465806989
1.94764407496 1.27933642789 0.982362079481
1.69538229939 1.29064601412 0.904575990243
1.45204822241 1.16995310078 0.833765834224
1.44573843597 1.29652174553 0.829486898434
1.66042780327 1.60005420941 0.789771493804
1.39800289507 1.48765779858 0.774082867942
1.38704250742 1.56682995467 0.774456516425
0.821062735356 1.21412096182 1.09017433227
0.808792498299 1.15264383329 1.15263671581
0.797441884529 1.05433766409 1.16602210478
0.799248865533 1.21204211269 1.16951787085
0.73888853243 1.14642763409 1.17274730361
0.740849741012 1.29515521753 1.17714706903
0.724920815902 1.85094423803 1.1725598871
0.735719433165 1.71848586669 1.16244397767
0.759287646586 1.80751001665 1.15484549274
0.756388168942 2.07648993556 1.13879620697
0.771761728246 2.14727333177 1.13000774076
0.783093770684 2.00738309412 1.11893529224
0.790501704797 2.07760832121 1.10463631313
0.808324021586 2.14945449336 1.09784499643
0.815124582581 2.0080648477 1.08341084592
0.825272450001 2.07946443766 1.0709682139
0.845315321554 1.93867207231 1.06658144383
0.852061369399 1.98132845285 1.04758017937
0.861340003807 2.05347553157 1.03434499731
1.12840756951 1.91170601667 1.03153949502
1.1344758895 1.96150627651 1.01226021908
2.15446338584 1.80215646314 1.00105175243
100 1.6428091207 0.994852398618
100 1.48346504543 0.977403107754
100 1.32412541684 0.968369358049
100 1.16479205981 0.958534519597
100 1.09311600179 0.954108343989
2.157782459 1.0617680996 1.00130067909
1.52064264503 1.06907418097 1.10298989594
1.52521045506 1.12160974561 1.32535958788
1.52427279125 1.2101327891 1.18329354248
1.72517703053 1.29398936384 1.07363590627
1.49129136163 1.33443053955 0.980753573936
1.48442582989 1.19112547758 0.979755519478
1.48616464637 1.3054433399 0.886060567333
1.47685199545 1.41085779744 0.833356641455
1.46798410154 1.28056180945 0.803032388076
1.26831743724 1.34150030179 0.794555370626
1.25946876132 1.40494396803 0.757008358836
1.27063322746 1.2606037911 0.762710599004
1.30049916594 1.32390641487 0.716887172962
1.33657429531 1.17923943501 0.681519422505
1.33622752781 1.53376346589 0.679822043579
1.06202913143 1.83221242681 0.938019606048
1.04443864202 1.55307140139 0.972221231609
1.0294456288 1.42436254897 1.03226258031
0.970238236666 1.46888397526 1.04565954264
0.963520277473 1.32728556268 1.34788410671
0.897701200215 1.37120765904 100
0.90120901822 1.25053701833 100
0.830566008211 1.30175511546 100
0.768543843243 1.15716050354 100
0.765048500048 1.28858164824 100
0.733757519142 1.38404814997 100
0.725705821291 1.27517579647 100
0.7328621527 1.11768862564 100
0.720721746466 1.04634848563 100
0.770252869368 1.01497135216 2.03159609823
0.886200625857 1.04435790148 1.81828843585
1.0491984587 1.1326243045 1.7795056857
1.11312857195 1.2666431664 2.36566396305
1.02915068378 1.53491286655 100
0.965950507009 1.40442654102 100
0.911822330121 1.45455637748 2.27570391679
0.906243949171 1.311621938 2.02167706013
0.844431619643 1.33175582515 1.53164031469
0.788674620435 1.18794662152 1.52049653396
0.78454970925 1.31922027803 1.52036056203
0.759878527934 1.6321297399 1.50483030913
0.757945000459 1.49937531495 1.49402163252
0.76414782979 1.57930755722 1.25178229025
0.755131852951 1.65934690354 1.24539545252
0.756996861866 1.51876605877 1.24798172431
0.7584565399 1.59766814674 1.25031976726
0.75208193001 1.67774922306 1.2479181429
0.756592078625 1.53651521298 1.25209158823
0.753431666092 1.61577121004 1.25163507731
0.749672844896 1.69616828907 1.25082764079
0.756958384091 1.57683420487 1.25642143103
0.747900609196 1.66131762423 1.25238870056
0.750594214947 1.52114606718 1.25543616678
0.750622089272 1.60048597891 1.2568955845
1.04432500755 2.16081217414 1.09375627968
1.03692971582 2.07184439384 1.02980237877
1.03844910533 1.93071119821 1.02824421554
1.09826872537 1.74961460677 1.20670831973
1.1096923915 1.62230144163 1.20834271656
1.16154398739 1.49880808958 1.22377864081
1.1778533281 1.34823004375 1.70634457562
1.2287992035 1.19354383658 1.96027385925
1.28807012803 1.11261804262 1.75493539302
1.47861588982 1.12132726848 1.35305660365
1.47689076718 1.17325415261 1.35247750891
1.39668712431 1.0697533883 1.54382325346
1.39882962031 1.04208239986 1.75077667446
1.4564163477 1.01213147002 1.55488624863
1.27766721122 0.983532127224 1.37997149203
1.27471050809 1.0298629972 1.38299781624
1.1202303513 1.01005457388 1.38339613388
0.997013793055 1.09777823081 1.38120842662
0.99448005296 1.22526593229 1.46800122643
0.903945666739 1.1581752163 1.47000695754
0.899294117497 1.27180006132 1.47270774859
0.850217740333 1.57413993633 1.45503651022
0.825749195218 1.6556739156 1.43883228136
0.812928729228 1.51567124532 1.22006977565
0.811713978101 1.5880391114 1.20469438318
0.791254339309 1.41927869158 1.21382322548
0.777452785108 1.49005996071 1.22302626218
0.77840564139 1.56300810534 1.23896538464
0.756557757901 1.42067847382 1.2457527298
0.745423245242 100 1.25668465282
0.741980622666 100 1.27209121016
0.722444120044 100 1.27815750745
0.714232136855 100 1.2907241991
0.705977644874 100 1.30319843217
0.688999680623 2.39533222408 1.3110006042
0.696485896757 2.23674664545 1.32511538769
0.670464626462 2.07827993608 1.33479790649
0.903782551931 1.88831892741 1.34629650496
0.905803057279 1.75552066149 1.35975473404
1.4152571503 1.60268726108 1.36698604026
1.92725552804 1.44544173732 1.37788511861
100 1.25444723252 1.39429118026
100 1.09513992335 1.40241181052
100 1.02346738091 1.41235817585
1.61445222198 0.992127279624 1.53355823712
1.24085471211 1.01481653382 1.34056151244
1.24311025672 0.988826214141 1.17589740354
1.24809427513 0.959884742 1.16990165237
1.24929565939 1.03400287436 1.02826032293
1.34597118557 1.1541713337 0.928765626385
1.34517956923 1.30741728579 0.928238975784
1.33411194672 1.42379284895 0.874934006532
1.32767864885 1.29629634072 0.879129280462
1.13647329365 1.35328128867 0.826202515382
1.13024433993 1.21228598726 0.782535832569
1.14626786213 1.26731934926 0.78284774438
1.18218144051 1.12528553403 0.731118764724
1.19032966001 1.26124917066 0.707081560559
1.19216140942 1.58189618309 0.710713263726
1.18263821663 1.67407825932 0.71265046079
1.1800861882 1.76125796429 0.72795576031
1.1687490244 1.59331647006 0.733848492278
1.15833957428 1.67795400463 0.736752348906
1.1550515942 1.76321051095 0.750799034705
0.824352252376 100 1.08690023883
0.814796760313 1.1564073257 1.14672653105
0.807797921797 1.06022476063 1.15557730021
0.755265078075 100 1.15820414383
0.753275142771 100 1.15883928127
0.724671669992 100 1.17072596468
0.725708084987 100 1.19251034024
0.689691582558 2.42092463135 1.22160811661
0.665221573733 2.26366972437 1.22994639343
0.661482745832 2.10660497339 1.25401558768
0.875440153525 1.91810459472 1.28409744747
0.885519087447 1.75907943897 1.29373907072
1.39069174767 1.60012064283 1.31719639374
1.89599620912 1.44125086615 1.33506249555
100 1.28250333651 1.35390520112
100 1.12392988511 1.37891781854
100 1.05274493288 1.38397350922
1.58938146053 1.0222983429 1.48604771197
1.40609494414 1.02125120769 1.25595965097
1.24802756793 1.07567604711 1.1132094829
1.36271521968 1.33994110359 1.00901703567
1.36633109662 1.2759154997 1.00914704884
1.21291006526 1.32613699283 0.926934320452
1.21027209396 1.18441040586 0.853336433563
1.22263833167 1.25331745778 0.845474649826
1.22571713998 1.37911301474 0.790116250682
1.23932331892 1.25134252801 0.760720382785
1.26325400246 1.33855982117 0.754249937059
1.28067731926 1.20158641091 0.720883155251
1.30397658101 1.26496244845 0.723831466364
1.33384158924 1.12302620684 0.682065168051
1.33761801353 1.47305185719 0.667126061952
1.33013988535 1.59545106048 0.672943252424
1.31601191999 1.69195133757 0.686455185102
1.30483667013 1.78322198574 0.713694344673
1.28521892716 1.87361863162 0.715139054399
1.27206110374 1.96401586068 0.733721363962
1.25769864415 1.82384761661 0.76317513868
1.05071959568 1.94061933677 0.965099411289
1.04793961611 1.67571270049 0.970169247114
1.00505805859 1.55022868065 1.01374231759
0.994143865711 1.60585510077 1.06787304643
0.943905146339 1.46336510742 1.0717198254
0.944156076478 1.51670918798 1.12017187338
0.887223061981 1.37284006364 1.13429816587
0.838462917413 1.42701296654 1.17725906495
0.836755707034 1.28230863612 1.22693236311
0.780439090601 1.14151439133 1.23851135135
0.750983708104 1.27187499159 1.24978458119
0.754477359816 1.58460571931 1.25676013464
0.750596486318 100 1.24941847405
0.757157981652 2.40428947974 1.24627665938
0.765625275048 2.48064136868 1.24543267634
0.762611484242 100 1.23752859208
0.770362192213 2.41766663856 1.2362584426
0.774193975952 2.41996085205 1.23257003192
0.774837159593 2.22883152265 1.22564091987
0.781386485075 2.06957166021 1.22366794669
0.787211334423 1.91032887144 1.22125977978
1.03581298455 1.75110786186 1.21418750743
1.29928228385 1.5919151762 1.21387879302
2.31525310311 1.43276025763 1.20858354417
100 1.27365726464 1.20313460472
100 1.11462843325 1.20451904841
100 1.04309109279 1.19875228806
1.49364579071 1.01155344806 1.23018734831
1.28918055106 0.982838111509 1.30663197521
1.29122893375 0.992352967647 1.41981974627
1.49721065065 0.932316293024 1.31867617741
1.50153199039 0.91008625356 1.41832080162
1.30545949885 0.921429504051 1.35207838787
1.30600033167 0.893978225739 1.17156203919
1.30891277941 0.865103252296 1.16651394669
1.30855821495 0.929306318305 1.00546447287
1.35753839949 1.0354047002 0.880554723566
1.81274233309 1.20406928725 0.812628876691
100 1.52562176631 0.798647385906
2.00268403275 1.61111990426 0.794385896363
1.2448343498 1.47212379661 0.780197648171
1.23163388864 1.54609472924 0.776845792261
1.00334583983 1.40585242977 0.76620424611
0.995745997126 1.47861325354 0.75479895747
1.01037355407 1.55331754702 0.758476341067
1.01374309774 1.41129742162 0.738802654997
1.02304118432 1.45680128915 0.727140138489
1.03728271003 1.33874510577 0.729967423951
1.03878568203 1.41639565093 0.711971566077
1.0491183895 1.49252256665 0.706144366288
1.05960227146 1.34996997574 0.700540296858
1.06414999365 1.42454501161 0.68585244436
1.07628349771 1.27723510141 100
1.08370129266 1.35544117599 0.672377278096
1.09010237964 1.21574718935 0.660430622807
1.10416587386 1.28881824071 0.665982795086
1.10804840446 1.36396358691 0.644674012345
1.11648612256 1.221447538 0.635882924651
1.1301074281 1.29579286232 0.636333187701
1.13305044402 1.15439016472 0.617698539901
1.14015060952 1.3070675752 100
1.14024848424 1.90888924278 0.629133350719
1.09777668447 1.75673894014 0.671259763087
1.09612984618 1.64094984044 0.726738602672
1.04960200088 1.69969561743 0.718205191528
1.01083634358 1.56037658055 0.764955919962
1.00334021575 1.61492963008 0.770976846974
0.958332378396 1.47439276301 0.809621792594
0.921558682463 1.52909444195 0.857749955781
0.910956009771 1.38820374099 0.860630333838
0.867374478795 1.44326478533 0.901421963104
0.869583257656 1.30201962308 0.950575359409
0.818719409085 1.35749279754 0.950938132165
0.77690591498 1.21585159166 0.993450583902
0.776633716042 1.27179221158 1.00543552388
0.726684270111 1.12970373827 1.04172457692
0.694523582642 1.22569725696 1.05559543179
0.689887333828 1.36034956132 1.06686936233
0.674775266099 1.23154286382 1.07636048874
0.677615936352 1.2765679981 1.09475208564
0.649971090555 1.34974822894 1.1052412535
0.634658010646 1.20611524645 1.11617517678
0.635608127983 1.27838893263 1.13449945936
0.610424343436 1.13539266727 1.1417687209
2.35661400558 1.28720008578 1.1516904958
0.615375764594 1.88827644245 1.15572324709
0.652103524421 1.77525038384 1.11784545812
2.41254865823 1.83927123068 1.08763687903
0.692013817247 1.7000962614 1.07626191287
0.733090556961 1.75853636876 1.04001807754
0.738554268993 1.61815386217 1.01164367133
0.771120799282 1.67642105596 0.9966594505
0.813795544203 1.53594153534 0.96213692858
0.815688639103 1.59425609161 0.958401604337
0.850636895247 1.45371884811 0.917338641049
0.894587493447 1.51209543758 0.884847562804
0.893546648808 1.37149621763 0.877972328634
0.930445265199 1.42994233396 0.838379125389
0.941695662474 1.28927414921 0.808326773086
0.971952992771 1.34779826204 0.797700775133
1.01047661312 1.20705277766 0.759893586115
1.01842008524 1.26566498439 0.763738251393
1.05078492419 1.12483225659 0.717639863433
1.06343921003 1.21237310906 0.686561480473
1.06775224891 1.57364473414 0.690587917153
1.06152186427 1.44688156519 0.689081531575
1.05985125939 1.50399056716 0.698660394286
1.05499427384 1.58721074508 0.701574884007
1.02387269463 1.36156788308 0.743894445735
1.01628419674 1.74193724004 0.740915587428
1.01050241808 1.61760014469 0.744035597868
1.00337209853 1.7045838374 0.747832086081
1.0046197909 1.78972360244 0.763089503069
0.99172755518 1.64945114329 0.759738241657
0.986741047242 1.73314795335 0.766802789513
0.984795248531 1.81752268943 0.777691055185
0.97347976474 1.67738342083 0.776722751696
0.970589420941 1.76093465387 0.786341536144
0.965055105667 1.84518444328 0.792637606659
0.955729110853 1.70530157674 0.794364518212
0.955010209504 1.78873528254 0.80640882413
0.945757525646 1.87286783818 0.808308001818
0.938503846682 1.95760914278 0.812617890445
0.940032569844 1.81655521736 0.826966405096
0.927578602607 1.87244079352 0.827888199815
0.919354597315 1.95681189189 0.831182001814
0.920088732894 1.81660010164 0.844314963797
0.908507126487 1.90021577468 0.844004453619
1.15223247185 1.98447565887 0.849737348692
1.15374665045 1.8557907205 0.86183523659
1.4174870043 1.72257307567 0.861198885447
2.17756719191 1.56917279691 0.868777800304
100 1.41191582717 0.877202068417
100 1.25350619823 0.878114204898
100 1.09451648866 0.888414726953
100 1.01088676969 0.924478860467
1.90000092913 0.99145043559 0.923957363446
1.50327767194 1.0396979808 1.15567613776
1.53366136411 1.12991941618 1.1706915604
1.53168838577 1.24941556955 1.04708449678
1.73847772454 1.35714728093 0.962826571796
1.48757748798 1.38814914377 0.89534174498
1.47838259287 1.2450981527 0.895142727764
1.3186191216 1.10408873817 0.821402354409
1.31130300938 1.22513445809 0.770952494422
1.4944111936 1.52557732542 0.761067323189
1.26195905167 1.39264347082 0.753913296144
1.25742731361 1.46767614299 0.742843493008
1.26922324012 1.54344825895 0.74906655253
1.27315173577 1.4017378067 0.729774716804
1.28005957208 1.47648657154 0.72156757517
1.292485323 1.33583550791 0.723239310761
1.29458782694 1.40974049268 0.706373537661
1.30344388749 1.45682603221 0.697503244024
1.31599704179 1.31534205272 0.701620558051
1.31677669555 1.41267486123 0.68342794552
1.32641579044 1.27616630497 0.681135311211
1.13526034946 1.80229849968 0.882272788068
1.11757040106 1.53307641223 0.951596365288
1.10134522146 1.40378377094 0.963358077958
1.02410299557 1.43622366141 1.03830804907
1.01599602597 1.29324487471 1.12016412814
0.932426948466 1.32662432293 1.13104005938
0.855807511798 1.18104935817 1.20732446906
0.846854690869 1.25880077611 1.22044202752
0.783399810837 1.15769336406 1.23383482723
0.783107487691 1.52481122881 1.23973094077
0.767407795136 1.86988617175 1.23466398998
0.779722875077 1.96735074482 1.22370878622
0.80438300881 2.05809332085 1.21388997355
0.802993427673 1.91806639688 1.19707468574
0.819893644801 2.15439468269 1.18283399777
0.843197392386 2.22443764056 1.17386688679
0.844000217105 2.0838404799 1.15627232772
0.859886774745 2.15345457395 1.14582362003
0.88510896857 2.01340179232 1.13371243463
0.88221379596 2.0825639127 1.11783798614
0.900347523759 2.1534395037 1.10939770475
0.909763723684 2.01177802399 1.09393082872
0.921035489929 2.0822564464 1.07990648665
0.941215351882 1.94110847361 1.07437446413
0.946815727119 2.01115764052 1.0545642273
1.21163034996 1.84281733446 1.03881349762
1.22720373115 1.78411584849 1.03383109685
100 1.630188774 1.01557678361
100 1.47226864428 1.00573922882
100 1.31363984869 0.993344167581
100 1.15499527629 0.977275223819
100 1.08363349281 0.973982393287
1.96554991769 1.05202750973 0.987049427379
1.53083076546 1.07821390586 1.173337571
1.50432118235 1.14726561397 1.2693164411
1.69784477428 1.24875484514 1.13628224046
1.68214586054 1.31750577722 1.03390107981
1.45161233133 1.20775875958 0.947875916478
1.43436745468 1.23969354226 0.934437050785
1.43334159947 1.09380193234 0.840184399486
0.951617078106 1.55317237213 1.00781261425
0.95283179172 1.30027125302 1.01195731456
0.882082156579 1.19774189569 1.08030053055
0.87629128481 1.27322365182 1.08727554103
0.818434054075 1.39593328905 1.09281276925
0.821033481096 1.26530062088 1.14071546638
0.764874628936 1.12724166685 1.15006507149
0.73481794497 1.25936721608 1.16074829906
0.740203811773 1.57444034726 1.16751265289
0.736457081882 1.68731879472 1.15889648405
0.75008340272 1.77756653048 1.15950990521
0.747374494351 1.63764957822 1.14967695648
0.752873850154 2.34476736547 1.14468112275
0.769175061844 2.2044861668 1.14412664023
0.761788188801 2.28010917408 1.13368529714
0.769933313462 2.14066550408 1.13047494853
0.783632592198 2.18774943859 1.12882589627
0.778475783475 2.26357106819 1.11753077628
0.785435765811 2.12380625633 1.11355950629
0.794228804552 2.19902807521 1.11134489785
0.793315513918 2.24315203988 1.10176791229
1.0517194443 2.08401635772 1.09964093069
1.05624929962 1.9249182135 1.09424913345
1.8238617606 1.76586775342 1.08644563696
100 1.60687913703 1.08621345569
100 1.44797273595 1.07755693273
100 1.28917895252 1.07158285011
100 1.13054524179 1.07308184219
100 1.05920448873 1.06551282603
2.07090360268 1.02758857428 1.10244265058
1.45533529751 1.02058171298 1.18885208631
1.45616365972 1.14130192116 1.21494224381
1.49253539601 1.1125712188 1.08469551737
1.71058265061 1.39506310473 0.996045427006
1.69857780407 1.51902154247 0.997044018904
1.443023081 1.36357968266 0.932815814575
1.43262337651 1.41447675744 0.87553210971
1.26208544822 1.27038040198 0.874431668215
1.25164834757 1.12989555525 0.809953759337
1.25299225201 1.25497371709 0.770403847116
1.24421962028 1.58523305195 0.771588271338
1.15383242927 100 0.863089528809
1.14597154642 2.10395485444 0.854244324101
1.14380916764 2.18784020537 0.87052457325
1.1290494226 2.2637012323 0.872387672236
1.12036930881 2.1227776735 0.882569396822
1.11466853926 2.19589337785 0.902009545406
1.10041053477 2.05516552117 0.899793128165
1.09363169896 2.07870873217 1.16159877942
1.0846876118 1.91936682122 1.17134372132
1.07220817014 1.76002781346 2.19116978478
1.07161821757 1.62619638565 100
1.05561273108 1.47195942673 100
1.04777724442 1.31365459901 100
1.04095959565 1.15454715894 100
1.03613459697 1.08291096258 100
1.07884120353 1.05154492506 2.18127236593
1.17263942066 1.06403875915 1.54322783626
1.30431806993 1.11514194486 1.54063508012
1.16200017313 1.21063409525 1.54666646052
1.04106767311 1.12316899029 1.54174021459
1.03226850234 1.17475777441 1.54164371587
0.930944407704 1.14017963527 1.54012457511
0.886152529856 1.50132313733 2.23144381816
0.888746287292 1.84231340907 100
0.879459813084 1.93322593845 100
0.879892676433 1.79429386091 1.89884404843
0.880969222884 1.87363745327 1.38288888964
0.874457484008 1.73369641803 1.37555088234
0.877328108879 1.81183014326 1.1304686808
0.874362892018 1.89106914586 1.13085374292
0.870110607269 1.75042831271 1.1302553723
0.875278312029 1.82892138186 1.13690892473
0.868297218587 1.90849277675 1.13421994619
0.866321185601 1.76726392912 1.13538199346
0.871922211924 1.84612178253 1.14231924882
0.862770749276 1.70615085819 1.13801728306
0.863096689961 1.78422175538 1.14092546432
0.94365998794 100 1.11911017111
0.915863243156 2.37938995171 1.08699557701
0.930250619672 2.22916910694 1.07042636671
0.95121943616 2.12062507225 1.06434861933
0.95831405174 1.96211760814 1.29302186741
0.972939034448 1.80323969552 1.29359264096
0.986488043577 1.669779613 1.3091401606
0.99685246683 1.51602682781 2.0609098649
1.01637568594 1.35832838717 100
1.02576103199 1.19999005213 100
1.03997767623 1.11699961586 2.38615753647
1.19853245085 1.11462632897 1.51070485315
1.34023575766 1.16164708684 1.50741882436
1.34109959795 1.13973655793 1.50934138932
1.20043951426 1.23228859559 1.50905711758
1.08514088586 1.16932008369 1.50321936584
1.07536054917 1.21805902639 1.49936150637
0.974612053906 1.14850718546 1.49392715697
0.97135157064 1.25781867185 1.49148815375
0.902951726154 1.33379900125 1.47082354078
0.854146960268 1.39616590001 1.45297569837
0.815666824047 1.25747149732 1.45040353912
0.810519758548 1.31278281984 1.25103670323
0.763611392733 1.34332798567 1.25382902474
0.723825886271 1.19900200473 1.29409901217
0.720039797998 1.54630291128 1.29699529249
0.711489486804 1.66615248638 1.28855825339
0.727439972669 2.46447222329 1.28466279043
0.731371783187 2.32102028737 1.27223728617
0.73891015359 2.39745352049 1.26266925922
0.75827762567 2.4714999133 1.25870797565
0.756662755669 2.33105054449 1.24420438305
0.767800938978 2.40374472832 1.23631206937
0.789429348602 2.26375651976 1.22940597866
0.783566901642 2.33592730708 1.21646851112
0.79629912215 2.198698874 1.20666113799
1.06347448932 2.03984275042 1.2010148543
1.06290341269 1.88107225299 1.18729531903
1.58154429747 1.72241110279 1.18050683183
100 1.56389258951 1.17187044569
100 1.40556497519 1.15980258394
100 1.2475009466 1.15485775563
100 1.08981519929 1.14309177058
100 1.01896841454 1.1440302844
2.07119279862 0.987311320478 1.18972379856
1.43899730278 0.980177167038 1.28231081019
1.43922975287 1.01082541143 1.16142554427
1.45945425588 1.0896042416 1.03118296195
1.45661444857 1.20757223145 0.943597726719
1.66092718806 1.31585561286 0.940735167107
1.41189292851 1.376251372 0.874461047405
1.3973772094 1.23400071973 0.876766009684
1.23990361289 1.09312168645 0.804511874264
1.40756031769 1.40961774846 0.753161073548
1.40447095256 1.51949728507 0.746523604479
1.17135576773 1.60407441523 0.740878580011
1.16360619539 1.46313712232 0.731763311678
1.17411735003 1.54007516582 0.739785496744
1.1754834656 1.39884399799 0.722363580168
1.18069439032 1.47468598318 0.716155434231
1.19129610335 1.55213834737 0.719544139155
1.1912815333 1.4096064534 0.704626901904
0.976891688461 1.54573858811 0.983101193456
0.977174487835 1.27269663677 1.06017809639
0.893360214613 1.14270854994 1.06643656511
0.892411623167 1.21563738376 1.14565481314
0.818171144853 100 1.1412321062
0.761469280475 100 1.14976133492
0.760714011697 100 1.20345595761
0.696170978987 100 1.26351750973
0.641819330852 2.43679982319 1.26974150065
0.636627904929 2.30686678199 1.32420397536
0.5761925131 2.15589808439 1.33552931622
100 2.0014602969 1.3878940159
0.756607520261 1.84689492694 1.44583591038
0.76276718198 1.71759268113 1.45268979907
1.24813156829 1.56947195186 1.50763266801
1.50135628725 1.41879241952 1.52144338846
1.98662049489 1.26299217017 1.5728044931
2.24112878607 1.10635559555 1.62909316159
2.04334116526 0.98664029777 1.69169299468
1.83781350731 0.951056478483 1.56346458054
1.46311447634 0.954201654038 1.367926081
1.31345297028 1.01498672085 1.04564309575
1.20089169598 1.12595302855 0.935760259168
1.20182889201 1.27488218514 0.93418991161
1.19452320585 1.39965417066 0.871560222424
1.19016643363 1.27349109498 0.830319768815
1.20445228644 1.32932796859 0.818705711904
1.24585082036 1.1872463902 0.769730748085
1.25317445025 1.3217630397 0.767159364656
1.2529732633 1.63930062083 0.748834013525
1.24955879698 1.72979687789 0.75400841339
1.2465151737 1.6136507377 0.759335607809
1.23991055259 1.70123007129 0.760597826056
1.24022210383 1.78583208578 0.77339997694
1.23109554294 1.64571712288 0.771078858625
1.22463557015 1.70058758038 0.775556445004
1.09864713755 1.74198766376 0.901441301258
1.09694689158 1.99998932217 0.908864982038
1.08170042836 1.87656058447 0.919449336201
1.07295265565 1.94672974772 0.942756064491
1.05108648602 1.80769328292 0.949757039284
1.03710585336 1.8743463478 0.966804980582
1.0246420793 1.91446963184 0.990922823232
1.00182405795 1.7732810608 0.999498664586
0.987216313941 1.84109926616 1.01580886728
0.975715426258 1.70036619559 1.0401548105
0.95479717348 1.76777713292 1.04535198017
0.954643084165 1.62754890233 1.06371409132
0.927163944245 1.69451427754 1.07916990834
0.908353785519 100 1.09179078055
0.904755282581 100 1.1120209461
0.879049629768 100 1.12404642038
0.862588221787 100 1.1387433167
0.85516297259 100 1.16067927784
0.831448379957 2.47025318927 1.16954516982
0.817614313665 2.31124547125 1.18614858218
0.805920705081 2.15229024117 1.2096466725
0.784453599856 1.99340005535 1.21559628915
0.786551818635 1.8345918139 1.23395440011
1.00619368443 1.67588881229 1.24874097536
1.01501852943 1.51732407325 1.26213931758
1.52361078521 1.35894599595 1.28211596548
2.27450104332 1.20082843951 1.2939480896
100 1.06830545856 1.30769659459
2.31211780445 1.00145978434 1.33657376371
1.41363794026 0.986960972371 1.40199428522
1.21608026294 1.03497116774 1.26393293428
1.21434284423 1.01046660539 1.26282575579
1.21447643306 0.98971507551 1.26118666606
1.40638253653 0.896101547694 1.44406305933
1.6124035829 0.867149165202 1.44051550754
1.61731051889 0.83706203964 1.4344354344
1.24553450501 0.870455933603 1.05942782972
1.24670261977 0.967837693735 0.912897645349
1.32961320886 0.939598791243 0.911790939513
1.32893793358 1.25504208577 0.80791858124
100 1.67521341444 0.765611870552
100 1.70228000858 0.790180269705
100 1.59479841681 0.795292046846
100 1.6628400541 0.828129559668
1.15762005727 1.52148043789 0.871326345281
1.14842242144 1.55430543613 0.87292370762
0.862065449351 1.41213238963 0.905709935519
0.828944197064 1.47293408725 0.947095456826
0.825673049394 1.33061266071 0.948296011849
0.784955723499 1.39152929256 0.983042683307
0.754273976937 1.24908393304 0.995748162545
0.747299220267 1.31013789321 1.02423130181
0.708277884404 1.16755487198 1.06063155773
0.71122579908 1.26829225603 1.06501618344
0.681002228267 1.38245251994 1.07154489954
0.674219830833 1.25120196119 1.0794915908
0.675875603252 1.29852186226 1.09364029503
0.656237635452 1.39697503597 1.09410005019
0.653262512171 1.25913667746 1.1044262388
0.645452921175 1.33495290062 1.1121711695
0.632899031293 1.19374444784 1.11728615244
100 1.56139930233 1.12204367689
0.650676735258 1.73513846725 1.11711457531
0.699386533799 1.80223092902 1.07955842547
0.702563743766 1.66267264607 1.06935257933
0.743596039766 1.71873187771 1.02518526921
0.794785291237 1.57644944493 0.988850068244
0.794668674315 1.63251120781 0.975035980515
0.837904629685 1.48971584249 0.932380913867
0.889922065303 1.5462629066 0.930339085919
0.887494768241 1.40300086972 0.880909738261
0.932392695274 1.46010857153 0.840097352928
0.942537133773 1.31633335647 0.835365841433
0.980773914098 1.37407098343 0.787038580022
1.02700978872 1.22972435437 0.748541099202
1.03423658701 1.28817374172 0.740447435093
1.0760537649 1.11466102548 0.692222283197
1.08068036346 1.26493390523 0.675542598689
1.0774162839 1.60889577245 0.674395384399
1.07154214051 1.70349120897 0.68303994386
1.06631340981 1.56398896635 0.705113290931
1.05420907917 1.64968568035 0.69581227126
1.04993500713 1.73570405022 0.708967513119
1.04102418127 1.59501118466 0.715183498817
1.03080837011 1.68014421567 0.719589350621
1.0286032761 1.76587818452 0.735360396654
1.01616763491 1.62569329943 0.73675928002
1.00791255595 1.71059944525 0.74403808574
1.00621114371 1.7961197326 0.762230307605
0.991758155041 1.88217046024 0.759120513745
0.985561534316 1.74113072126 0.769089485403
0.980364370195 1.82644136132 0.780236361201
0.967829484673 1.91229282051 0.782199319075
0.963793261936 1.77173474149 0.794686540391
0.954929226998 1.8568392748 0.801253054077
0.944418171228 1.78729669482 0.805934049788
0.942648111977 1.80240780547 0.820778201369
0.929939490637 1.72112688255 0.823022619034
0.919160904038 1.76616504182 0.830915399755
0.916632132363 1.8404319878 0.844550461776
0.905419595898 1.69978037654 0.848718471231
0.896088531578 1.77339690664 0.854985635882
0.896964918748 1.84857885301 0.870805235984
0.880663608012 1.70660974419 0.870958630677
0.87362156726 1.7811951941 0.879603644276
0.870629466669 1.64010078749 0.892172056748
0.856431102751 1.71403104023 0.893832717423
1.03454715506 1.03018566695 0.790670795295
1.01689007054 1.40654600121 0.736084756038
1.02592160955 1.53755913814 0.736639337066
1.0257476971 1.40799575586 0.726438324542
1.03106862604 1.50933543309 0.725656620424
1.0352628987 1.37419408418 0.721925457516
1.0365377035 1.45124127498 0.713684418329
1.04585089196 1.52912682936 0.717067407883
1.04619620741 1.38788419421 0.707345967926
1.04955123297 1.4647295608 0.701994714712
1.06028371294 1.5430848646 0.707719340183
1.05661672527 1.42327498483 0.693442809992
1.06432847057 1.50579529399 0.695061944278
1.06703162354 1.36490722152 0.688760974624
1.06913275429 1.4422697683 0.681413807556
1.07891808456 1.30188044418 100
1.07828198707 1.37812443438 0.674409924894
1.08228321559 1.45603292221 0.66999997837
1.08866413347 1.33683278488 0.671201548664
1.0889524113 1.41883798673 0.661083401239
1.09738381634 1.27877193022 0.664066510965
1.09898340625 1.3555520152 0.655699896401
1.10177333489 1.43384870319 0.649239692893
1.11324121027 1.2917044575 0.657526114674
1.3603090623 1.36909913069 0.641512997478
1.37835234414 1.22838167605 0.638139777182
100 1.29914509543 0.642129464766
100 1.38178833907 0.628038079267
100 1.24077245423 0.627832154344
100 1.13791841175 0.629827306994
100 1.06654138385 0.62021480654
2.11475355764 1.03585387742 0.681129010071
1.66618944307 1.0875334734 0.813659232534
1.66638739152 1.1946472762 0.992126312008
100 1.51611847502 1.02675009986
100 1.62626987007 1.02371117321
100 1.69711063765 0.982519962199
2.41348032143 1.55750397861 0.950873960785
1.91401212045 1.61752489195 0.941060075479
1.41450592363 1.47545597673 0.902788632923
1.40139972651 1.53520498193 0.905116694569
1.20592010323 1.39287014007 0.859869412394
1.19472999951 1.45279604834 0.823437626122
1.20169225798 1.33282244366 0.821016147531
1.23575696484 1.39823005388 0.779923134935
1.27584810596 1.2274987564 0.744724930959
1.28329832849 1.28801698442 0.741012349269
1.31721411911 1.14505393669 0.698353364237
1.32144344428 1.28638076789 0.700005710009
1.23751806458 1.56688513806 0.779549132234
1.22919364382 1.95774080542 0.773357053022
1.21935106607 2.06361772146 0.799992174651
1.2018325868 1.9269232085 0.798182778718
1.19126736411 2.0168180915 0.818232708679
1.1745973601 2.05494170399 0.829448428929
1.15878697715 2.12262544938 0.842054390177
1.1513091478 2.05658464241 0.864422247611
1.13011154976 2.05036907066 0.871415290497
1.11619098922 2.11950156989 0.886604813321
1.10556872293 1.97818843828 0.91096781459
1.08606854664 2.04695744205 0.914153905311
1.07419657997 1.90609858433 0.931667391589
1.06017666314 1.97447450023 0.95782128381
1.04252599906 1.83411046947 0.95755575249
1.03883172288 1.90205979122 0.977170916359
1.01461097126 2.37571661792 1.00223441984
0.996108877099 2.46488147949 1.00389253136
0.994172399328 100 1.0225760439
0.969385748338 100 1.03499892415
0.952958244293 100 1.04767209636
0.947603126747 100 1.06822356592
0.924610658368 100 1.07719032679
0.910466237761 2.44574313182 1.0919506687
0.901358666936 2.28779627319 1.11421014284
0.880354385721 2.13006031675 1.11999020606
0.883604632201 1.97116749654 1.13666993391
1.10455160475 1.78004984812 1.15931201577
1.11844269992 1.62080629918 1.16651324209
1.87056699053 1.461588691 1.18249955237
1.00055066902 1.22848244095 1.14310813978
0.998644400726 1.32603643021 1.041000612
1.00514350364 1.20047597764 0.955281251893
1.09227372957 1.22871840889 0.947538078329
1.18508628086 1.08464812989 0.855271857727
1.13622342686 1.14944210397 0.777139525456
1.13780043417 1.5470262525 0.776772994452
1.1326466309 1.68325070022 0.762369001111
1.1337979711 1.80128454738 0.778296587188
1.12104410839 1.89351944915 0.774460151603
1.11617772955 1.75392068164 0.78433433628
1.11014926492 1.83895747126 0.793211247037
1.09859752954 1.89600953305 0.797310481337
1.09297981667 1.75606564278 0.806189323099
1.08830968848 1.84037635926 0.816842779229
1.07697963636 1.92530202099 0.818076777635
1.07328496955 2.01076552545 0.829370532516
1.06532960377 1.86987344617 0.835655504398
1.05436808061 1.92654572452 0.840910825702
1.04992988521 2.01160969116 0.851082910523
1.04339438061 1.87167164336 0.85915033355
1.03301083567 1.95599813365 0.862049440688
1.03060138626 2.04090444037 0.874475533308
1.02060386717 1.90132745527 0.878452389218
1.03533479348 1.98549418702 0.883762218574
1.26348689767 1.83899885773 0.896072870686
1.52596033224 1.70527641311 0.898992038338
2.28487945202 1.55118814798 0.90599438869
100 1.39306973242 0.91818001692
100 1.23419710342 0.918960152268
100 1.07524717779 0.928747790112
100 1.00382246316 0.929620012114
1.9942313036 0.973090322576 1.04756417235
1.5885817813 0.986172267027 1.17982867085
1.60481190093 1.0416429508 1.10169085215
1.60363638673 1.139233741 0.989579071796
2.49297654906 1.47948101837 0.931508282932
100 1.61974032755 0.931116558386
2.45135613596 1.70227600307 0.900985581184
1.94576096975 1.56261618474 0.881806089091
1.4398155461 1.62982116546 0.869983311739
1.42462094918 1.48722626478 0.843635918553
1.17517527177 1.49081834591 0.824893486597
1.1761982837 2.25475258262 0.829574541945
1.16531069926 2.31806314365 0.834704673883
1.16113324233 2.17982303608 0.848567390521
1.15054455968 2.27614076112 0.850761281688
1.1434263157 2.14033705884 0.860283127273
1.13766855024 2.21430779632 0.872041020684
1.12505898929 2.07479040923 0.874986817518
1.11977971643 2.14733811163 0.887391866873
1.11071171799 2.2212392469 0.894962991448
1.09986515525 2.08036453602 0.900390759182
1.09653080582 2.10875721573 1.16359033449
1.08415398054 1.9494026889 1.16828509094
1.07514783192 1.79004952614 1.93712236505
1.0728321724 1.63069818496 100
1.0580162903 1.47134926905 100
1.05094315651 1.31200366454 100
1.0453452365 1.15266274525 100
1.04059918867 1.08098424413 100
1.08290774999 1.04965008335 2.17782784332
1.17592857344 1.06223179053 1.54053311824
1.30393096748 1.1108256345 1.5400205478
1.15793427373 1.08226948898 1.5497042983
1.1550421049 1.16853241105 1.5499751329
1.04054323791 1.29818944871 1.54784300943
0.954234367652 1.21065597661 1.53376289886
0.940896201218 1.24659029427 1.52193447396
0.847251173893 1.1018526985 1.40652011398
0.843663335728 1.21655601656 1.5307525481
0.779189726592 1.29765303064 1.52635053342
0.73560504695 1.16390243977 1.33386487549
0.736968418517 1.30334818263 1.53371267127
0.723731907125 1.85484656429 1.52803666547
0.736468424595 1.74416972341 1.27098090229
0.746512302978 1.83810673304 1.25856123014
0.757804913533 1.89954927504 1.24226542972
0.774347136075 1.98825631912 1.23293843798
0.785644889124 1.84790998133 1.220361495
0.794260522916 1.93578348194 1.20598719002
0.813237956173 2.02401002496 1.19850758537
0.891934319514 100 1.12467415469
0.898558979155 2.43446701859 1.10160154897
0.923729948898 100 1.09190292202
0.934377348907 2.40674727077 1.06663848105
0.954375025423 2.31115354899 1.06452780126
0.983029090212 2.15274184 1.03348422465
0.994249390469 1.96267499762 1.04666475108
1.01370136041 1.8044476744 1.25311852363
1.04124001853 1.64643514612 1.26938504504
1.04969543753 1.48870959942 2.01648836282
1.07128099622 1.33137381386 100
1.10043438085 1.1745845876 100
1.10053954361 1.10441384325 100
1.24291283451 1.07961749366 1.67701991917
1.36021234499 1.10722541036 1.47807329996
1.3576003993 1.08440929823 1.47696390002
1.20417592636 1.16117739632 1.4999931127
1.08020862929 1.13262179738 1.50048829813
1.07854358443 1.24516161255 1.49827815559
0.984627544499 1.32282578048 1.48494918644
0.907485767501 1.21280939537 1.47586979715
0.894586393284 1.07888479078 1.34891860574
0.82251417245 1.18662640526 1.48428692868
0.80965323413 1.77803249112 2.22031293095
0.815640292318 1.91904117716 100
0.850695451784 1.79346961413 100
0.897639570644 1.82181388906 1.37325478499
0.905556738821 1.70396040169 1.36019650567
0.946065216274 1.76257011087 1.07081555446
0.995384821453 1.62194433872 1.06621232266
0.998837420575 1.67665718594 1.01776175769
1.04188536825 1.53472678863 0.976885027736
1.05629638122 1.58975077137 0.969612552832
1.09344608295 1.44733653147 0.92228855297
1.13793328833 1.50289287573 0.883452896831
1.14939956024 1.35998146499 0.873110039783
1.18844062644 1.41614145612 0.827162523726
1.23412635814 1.27267858711 0.830314211154
1.24309520956 1.32951933734 0.776725345851
1.53421090638 1.15710496376 0.729909088524
1.29349119104 1.52930865997 0.730203890252
1.30347112038 1.87814552167 0.724372120132
1.51717202116 1.75483467803 0.747428666878
1.52231945325 1.57259824153 0.782627704649
1.53972324222 1.44106530507 0.780157182403
2.28411250516 1.28884620621 0.810742724261
100 1.13295870776 0.817948345059
2.09864554751 1.05129669167 0.843828252728
1.65784798637 1.03916694376 0.920587939937
1.61358186092 1.09973120626 1.18160457642
2.20229630617 1.34785572761 1.07405023343
2.40961720558 1.45774266233 1.00380497171
2.1599460802 1.30341171952 0.996511524239
1.6868348515 1.34366409062 0.92128861806
1.43842200707 1.20031041316 0.853591775577
1.42596433604 1.23522822465 0.847501495357
1.27522225679 1.09428956417 0.771916703149
1.43989886276 1.21056672778 0.723084171326
1.43256894869 1.55553936803 0.72850320179
1.42512385585 1.64925819687 0.720144694442
1.17538226073 1.5109855412 0.726402141335
1.17302373991 1.59278099839 0.72929105395
1.16793310476 1.6751663087 0.727190362786
1.1698792195 1.53434891257 0.736355289289
1.04590019457 1.93374138076 0.86559005802
1.04161993557 1.66784571389 0.872182957826
0.99433508713 1.54046539936 0.920393647978
0.979903769871 1.40242487532 0.980267767361
0.924819285544 1.44981963389 0.986415909557
0.921652597959 1.30759355044 1.04014767466
0.859706590364 100 1.10088793632
0.802602260643 100 1.10890409306
0.803831441208 100 1.16145744453
0.739043350879 100 1.22041677436
0.68362529781 2.41593531171 1.22758351168
0.683390073932 2.26287511191 1.28139468905
0.618671492173 2.10797046825 1.29759973169
100 1.95187108067 1.3466056578
0.801187040923 1.79634483875 1.40144456964
1.04958060535 1.64155465588 1.41546587228
1.30336545353 1.48773029858 1.46588460228
1.78904597906 1.33520561673 1.52158286411
2.04413535892 1.18371169099 1.53375855799
2.06682141793 1.06896272032 1.58309325044
1.64574935999 1.03089526056 1.74867159448
1.64691648326 1.01058354187 1.55604050372
1.65080504098 1.02640857208 1.55092972687
1.30245396663 0.996868112048 1.1975494871
1.30537888932 1.06378339495 1.0581930441
1.18110926211 1.17780939011 0.960010198313
1.17919679633 1.32120654985 0.958694052883
1.35646732066 1.64997902759 0.907645299727
1.14509620787 1.52252711502 0.880787480681
1.14322234651 1.59006028549 0.875363966355
1.17446365163 1.41993906965 0.841109090247
1.18610206787 1.48380126072 0.813988770715
1.20993230562 1.3419750585 0.810356872802
1.24051050291 1.40560952345 0.775517936794
1.2492973793 1.2639299096 0.751001993968
1.27487622668 1.32739810895 0.743310369858
1.14779764921 1.83433574097 0.867079086031
1.13737239641 2.13229903415 0.865646144078
1.12568703695 2.00737186103 0.892821956752
1.10704291037 2.07864128233 0.893045417698
1.10133153917 1.93795909211 0.91437692834
1.07699029133 2.00578063384 0.926266500476
1.06390082507 1.88722041461 0.939698475658
1.05109000465 1.95951520206 0.965833313165
1.03121176964 1.81931718854 0.968789579351
1.02788306451 1.88697359996 0.988720279879
1.00194185735 1.74633083612 1.00268658922
0.984100578345 1.81343078831 1.01644513713
0.977417312759 1.67322917698 1.03834468413
0.953221459778 1.73990015751 1.04869981311
0.937621268123 1.80887379548 1.06465526713
0.928471247449 1.63831396969 1.08786281496
0.903096058583 100 1.09955320191
0.886748005306 100 1.11488737186
0.878051198324 100 1.137605538
0.85465414812 100 1.14608886594
0.858709969449 100 1.16336256985
0.827987252196 2.40697201588 1.18765363181
0.806820220296 2.24801741106 1.19318735608
0.807285300027 2.08912496519 1.21223967064
0.778698888668 1.89855805355 1.23689196986
1.00629319992 1.73986429944 1.24379934902
1.00470628325 1.58130506949 1.26218176959
1.26761706496 1.42292533524 1.27770697415
2.01818957041 1.26479252888 1.29124799431
100 1.10701247378 1.31122978678
1.8336911491 1.02456138668 1.34472567627
1.19842905522 0.992210510635 1.51911990465
1.20271025064 0.963860470612 1.45487289892
1.40294740943 0.933879399897 1.43020131318
1.83274773451 0.907905102526 1.43334800313
1.83684952683 0.886111041909 1.43394738571
1.42378091618 0.856895910579 1.42739061061
1.42611145447 0.82920269815 1.23168049554
1.43071408514 0.859067694976 1.22695278132
1.25935519054 0.835696042076 1.04598483635
1.25930501867 0.929824460597 0.894993052112
1.34931816136 1.06461663789 0.787908122736
1.82282335496 1.24856413733 0.747182475566
100 1.61473709795 0.749854016846
2.01362658697 1.68740470017 0.753290616229
1.24445536282 1.77429912218 0.766842805146
1.23465252567 1.85998805822 0.768582340183
0.977295397396 1.71930124599 0.774168340213
0.973128229126 1.77571712049 0.787166927931
0.963933604398 1.860524206 0.79089146887
0.955347515585 1.72074299948 0.795436143463
0.955397250345 1.80473934609 0.810248246911
0.942407591894 1.8893876118 0.809653587729
0.935940507847 1.8086608393 0.81674968452
0.934510083505 1.83379616044 0.833783692106
0.921368116848 1.7432372279 0.829090900372
0.917116895185 1.8175268741 0.838608648028
0.911914268082 1.86288903087 0.847016675295
0.900849249553 1.75171839467 0.849156956694
0.8948243201 1.79847462666 0.859462036083
0.891354663894 1.65851055719 0.869578124872
0.879217376466 1.73248695208 0.870841388701
0.876417329469 1.80802071116 0.881553977572
0.868947455024 1.66680681207 0.887574397083
0.859017674618 1.74167458127 0.891245503134
0.858677548967 1.60147204524 0.904114409484
0.84702375911 1.67560605614 0.906219361754
0.839417989854 1.75133454289 0.912192630751
0.840666988149 1.60984931499 0.926219396069
0.825622094882 1.68490040897 0.925473813262
0.820461324032 1.54444418217 0.933646223413
0.81756649803 1.61874641263 0.943738319529
0.804784110663 1.69468172441 0.945300509155
0.802193264077 1.55290835595 0.955572169722
0.7949415064 1.62815481635 0.96188600572
0.784554722216 1.48742819282 0.965664202681
0.79115130392 1.56191034258 0.977938698876
0.772833775562 1.63806571595 0.980627547241
0.764982212659 1.49598582338 0.986531640763
0.767301655429 1.57144089952 1.0002436072
0.751288970276 1.43042549703 0.999929553005
0.746118278408 1.50510051653 1.00787153461
0.743912831796 1.58149047081 1.01794272776
0.730356909481 1.43908390385 1.01976019813
0.72801800199 1.51476221637 1.02965450928
0.723846432007 1.3456566169 1.0404605304
0.708898364498 1.41997466825 1.04155167907
0.719449983986 1.51919587288 1.05151771338
0.698751147105 1.38108125005 1.05516562001
0.69052884655 1.45789437489 1.06089055246
0.694177087489 1.31642248831 1.07433647619
0.677969157689 1.36315094545 1.07720890808
0.668496799067 1.43958120409 1.08227191671
0.674697113806 1.29718090064 1.09490708375
0.655911708784 1.37282043313 1.09636745376
0.646554260392 1.42119387165 1.10374820004
2.39196677985 1.27804204902 1.11549878099
0.635020561372 1.35422189114 1.11841668943
0.627214118131 1.21222633168 1.12458475828
0.631033808614 1.28754637707 1.13718316333
0.613276161004 1.1468773819 1.13788315735
2.36223285753 1.52527314701 1.14452830989
0.629636016706 1.88829195669 1.14407724015
0.669539623932 1.75294425058 1.09911982079
0.920173869382 1.22684409454 0.913591905373
0.927130974294 1.35828817564 0.843853282744
0.969998459952 1.23353267757 0.801038347527
0.978035968422 1.31425431685 0.796402660262
1.01820920341 1.17701060686 0.74992010239
1.02865829617 1.48047612739 0.72345628644
1.03316242032 1.60646253206 0.721561925159
1.03311101819 1.47444440245 0.718597262853
1.04020408024 1.55571419494 0.726488146322
1.03466760152 1.63667366146 0.716266269126
1.03586038049 1.46661538647 0.71525722497
1.04342250499 1.54597963057 0.723915696747
1.03796271659 1.62651587456 0.713741598016
1.03953654341 1.48446659331 0.713746249829
1.04214958039 1.5870175236 0.715634349529
1.0399882529 1.45030506992 0.710263078884
1.04621887221 1.53045230818 0.717098205586
1.0430877387 1.61109412636 0.710231725341
1.04335873217 1.46921640491 0.708330681158
1.05066912503 1.54885761456 0.716782876729
1.04499909735 1.4084466276 0.706138962956
1.04717433413 1.4871486606 0.707050366364
1.05114214951 1.56714159779 0.71062153125
1.04737614123 1.42608166933 0.702721089798
1.05144033061 1.50518316859 0.706458720711
1.05207946478 1.58552099679 0.705099540353
1.300197723 1.44383920341 0.69998450758
1.30928624441 1.52332467292 0.706558052582
1.82776863554 1.38319147286 0.70023169747
100 1.46171509512 0.697937214841
100 1.37649229607 0.707193242363
100 1.21731210842 0.696031725329
100 1.05818681811 0.696585289131
100 0.98660398821 0.694564671532
2.08263621834 0.955099966261 0.72832091186
1.67127990666 0.991516501271 0.83252653436
1.67263606049 1.09078786023 0.98916147728
2.30626271285 1.4081951537 0.966049879531
100 1.54209984312 0.93148016369
100 1.61987636758 0.924429672852
2.22025483237 1.48154850143 0.89061220484
1.71761812748 1.54422629783 0.893611425096
1.45493916353 1.40278511918 0.852978517487
1.44526558882 1.46479057973 0.821388936103
1.24028709718 1.32328749249 0.821290665467
1.23355122742 1.38520315834 0.782041045594
1.24730815197 1.24376909749 0.752795602027
1.27255239965 1.30561014776 0.749110833038
1.30424099065 1.1642601941 0.711506088899
1.26675708482 1.41839903745 0.734648077417
1.27025291522 1.57816383299 0.741094394504
1.26081919894 1.65063087199 0.739811379095
1.25698049345 1.73700630347 0.748127907479
1.25267266608 1.82218243379 0.755858336226
1.24384119796 1.68095760083 0.75616054373
1.23854847865 1.73672748971 0.765285190347
1.23543411362 1.82104942779 0.774904199854
1.22585348934 1.68059805622 0.774219722429
1.22297423655 1.76411184574 0.784146533302
1.21699453055 1.84832380317 0.789186863086
1.20901446633 1.70809927284 0.791186839576
1.20784355417 1.79150897868 0.803534134354
1.19892085437 1.87561602994 0.80418448586
1.19259061568 1.73561320217 0.808760945761
1.19279155612 1.81892147937 0.823410970304
1.18122984554 1.90292598048 0.819857716828
1.17659932779 1.76313937352 0.826903334463
1.17387425457 1.84634868852 0.836590897914
1.16393895277 1.9302529076 0.836168565092
1.16105847593 2.01476521548 0.845577427888
1.15532118459 1.87378996047 0.85101813149
1.14706627028 1.95759610038 0.853080457814
1.14598638551 2.04201027104 0.86474878052
1.1371501741 1.9012446863 0.86610426314
1.12898978033 1.95687464793 0.87101578775
1.12720664581 2.04093972803 0.881570087588
1.11968503679 1.90095618575 0.884751941
1.11236800114 1.98428881363 0.888242311532
1.11782038347 1.98115114811 0.898541201581
1.35154963896 1.84731707001 0.900795495668
0.913690275446 1.25464053113 1.50581318508
0.914302263549 1.28494816767 1.35951661318
1.06727281882 1.24740559062 1.21127364547
1.07654638189 1.10197041769 1.19833566834
1.22169263448 0.99100536398 1.04991045611
1.22654395568 0.961574390865 1.04469848088
1.11771887742 1.06276092323 0.921458198262
1.12018004786 1.19966683185 0.846737532526
1.07031844946 1.36091542681 0.845082161548
1.07194066261 1.69394703022 0.823449391522
1.07993192589 1.80626803095 0.827993573314
1.07775521255 1.67114396053 0.819150680064
1.08103458788 1.75077654338 0.816690292333
1.08802830575 1.61029016616 0.81969777263
1.08567580141 1.6878684287 0.809691012642
1.09245552566 1.57051379362 0.812905748527
1.09211291529 1.65204144587 0.806305302273
1.09417989426 1.73137876468 0.802195563281
1.10325855287 1.59058702171 0.80821607265
1.09975569904 1.66828327451 0.79643197708
1.10306137106 1.71860884784 0.792677527024
1.11029518472 1.59984624584 0.797323509785
1.10796795728 1.68248254182 0.787207381288
1.11367590831 1.54288395104 0.788192189566
1.11965253591 1.59229999014 0.788852217662
1.11723199801 1.67059550983 0.778254551882
1.12216629225 1.52993974825 0.778161469259
1.12626280686 1.60738553295 0.777482271786
1.12661487024 1.65759498578 0.769430486675
1.3804413921 1.51678272819 0.768205825613
1.38544642262 1.59432143863 0.769599651985
1.65499498597 1.6731849546 0.76025064464
100 1.53153460234 0.761665617316
100 1.42790494732 0.758498309383
100 1.26885180495 0.751700508514
100 1.10988743203 0.755806638609
100 1.02653968062 0.749057213678
2.13957391729 1.00775304799 0.792942864394
1.6953282497 1.06755976932 0.902275477414
1.69551776142 1.1794866306 1.1663787124
100 1.49056933618 0.992908572314
100 1.59776644403 0.987708717012
2.48083117665 1.46605820465 0.938753880791
1.1762313662 1.40241625118 0.839603263457
1.17182335831 1.76965843685 0.83226070824
1.17089058452 1.86757918048 0.835333868833
1.16528939166 2.30163150241 0.834944935924
1.16500687237 2.3794174198 0.840931140788
1.16281322371 2.45774685591 0.84426585337
1.15717896275 2.3171624736 0.84287940017
1.15583976872 2.36671307005 0.848662660251
1.15500096736 2.44500225746 0.853828845587
1.14854023004 2.27647122216 0.852655634831
1.14870437847 2.37641658113 0.858145916671
1.14546245132 2.24118945212 0.859864859799
1.14067763777 2.27202811196 0.859705809153
1.13999527696 2.0814511287 1.11546203246
1.13749485116 1.92255277778 1.11831753502
1.13197210206 1.76370944532 1.63580832736
1.13370235841 1.60496321576 100
1.12810324188 1.446351354 100
1.12432773576 1.28770713447 100
1.12785712122 1.1289190432 100
1.12168683381 1.05760702274 100
1.15683315175 1.02700943847 2.11592109974
1.36159938922 1.07756519255 1.49475934738
1.33714832995 1.05294889538 1.49449144356
1.18110195088 1.13586050526 1.52321315971
1.05611582957 1.25904973881 1.52356954714
1.05481498013 1.23253477808 1.52163009188
0.962613514667 1.33630311551 1.51122641006
0.963079643655 1.20645223491 1.49966495379
0.870683662488 1.06742264027 1.37254873937
0.798928980676 1.1774265876 1.50817976284
0.788027887656 1.77505014502 2.2439234493
0.793005558751 1.93934479949 100
0.829101953503 1.81433428961 100
0.878078024606 1.87046516217 1.40129974315
0.881869440553 1.730544165 1.38275546418
0.923929124732 1.78423202719 1.09395371766
0.974157694078 1.64341425846 1.08779315463
0.975436452457 1.6973692899 1.04059647317
1.01918917641 1.55617259653 1.00087200445
0.908383523569 2.1706239015 1.09242907973
0.909154440826 1.67078367339 1.09993557212
0.892268332989 1.75785713926 1.1079484963
0.89219709454 1.59069324652 1.12722881737
0.865024527284 1.66071471219 1.14150550154
0.847171801256 1.51934324402 1.15295851388
0.845824276002 1.58844160738 1.17162146078
0.820579828419 1.44757901409 1.18267678372
0.801598585064 1.48778897846 1.19841332366
0.802548380423 1.55822043288 1.46568933838
0.775799458844 1.41569317296 1.47823995269
0.75941542997 1.4856706522 100
0.756232213164 1.34371714802 100
0.731593955843 1.41318839864 100
0.718079636735 1.2718813811 100
0.710257355423 1.14330141171 100
0.699791301642 1.07220276307 100
0.755942258359 1.04055129082 2.26540016998
0.8799393313 1.07355652924 1.78087979744
1.04959249768 1.16603829187 1.78107458484
1.1245592945 1.30136838509 2.35914473088
1.04576498041 1.59374007201 100
0.990722951115 1.46850628792 100
0.945293741399 1.521279978 2.49184867733
0.932320644121 1.37965416538 2.23567701843
0.880139612545 1.43036463422 1.7465495054
0.879740215207 1.28725548828 1.49200945178
0.820358391309 1.33895521948 1.48452850234
0.769748612763 1.19487983016 1.30338708383
0.765133959377 1.32928759647 1.29762262996
0.746086237064 1.64646808832 1.50493603666
0.749972792191 1.73597870307 1.25482372802
0.754475653662 1.59603991123 1.25426614291
0.751102216786 1.67786036448 1.24889791652
0.758683169228 100 1.25012436657
0.758371942728 100 1.24657720894
0.757720341273 100 1.24281221671
0.767852090766 2.45026931397 1.24565411154
0.766000864383 2.49989126677 1.24046479962
0.764705516237 100 1.23682150016
0.774568156209 2.46496485473 1.23967412633
0.768267971631 2.37046141744 1.23237190722
0.772811965593 2.21133580138 1.23181535799
0.777651351317 2.05205291989 1.23145836881
1.02515130392 1.86088229791 1.22590083128
1.29127297786 1.70157698318 1.22462409956
2.30594483896 1.54228231489 1.22556244323
100 1.38300304613 1.21919533685
100 1.22374541295 1.21955538131
100 1.06451917246 1.21763876575
100 0.992888597631 1.2184399519
2.01091703358 0.961436559006 1.25944010262
1.39356902897 0.992166147408 1.36332538778
1.42668951993 1.06765137207 1.05889183091
1.42650195657 1.18039706112 1.0574452311
1.64286666851 1.32103391715 0.958585109306
2.09114726288 1.62555091365 0.905864695217
1.59178240289 1.49326321514 0.873139853775
1.33238040646 1.55835771343 0.87058687542
1.3284975011 1.41523814054 0.831263027219
1.12048778957 1.47836689775 0.801483289092
1.12067997277 1.33469128658 0.79505360529
1.15504964776 1.39787362002 0.757430945739
1.11847405028 1.65891639662 0.777768453255
1.11828418987 1.82471877615 0.795224963579
1.10285367415 1.92883879808 0.792258005636
1.0997852149 1.94054228213 0.811410909479
1.07868355535 2.01031553056 0.819445148295
1.06520279868 1.97027578128 0.83132017149
1.05846443898 2.05857804586 0.85304537446
1.03911855043 2.14717840597 0.856864532331
1.02768753124 2.23605529291 0.871285842865
1.01752684385 2.09601541419 0.894994215249
1.00003062953 2.18430158108 0.895032267661
0.990815223135 2.27288727667 0.911748079842
0.976971230792 2.36174002379 0.923860656024
0.961484525793 2.22172551294 0.93383428756
0.958841133237 2.31001877992 0.952642431097
0.936846939735 2.2011230087 0.960885217405
0.945923813377 2.04280469496 0.973195927727
1.16566109943 1.88466240706 0.993916896145
1.17964908341 1.72674450919 0.998590245414
1.93353576067 1.5691187514 1.01304941789
2.44430603256 1.41117943205 1.02846810921
100 1.25181898723 1.03689896261
100 1.09245915653 1.05334159041
100 1.00871476626 1.08799204592
2.09369930432 0.989372564674 1.08872863957
1.4851737948 1.03173440987 1.29092631196
1.48333169879 1.1106377726 1.18367485945
1.52173874578 1.23213121483 1.05467177727
1.50984866219 1.33757476516 0.964151139471
1.49220420538 1.21021793701 0.892421827211
1.48883971793 1.22049941632 0.886989917064
1.33211230337 1.07687898489 0.805519899396
1.327470301 1.18660926931 0.74630702336
1.51773470354 1.8140144398 0.756585069726
100 1.98945438358 0.761830983893
100 1.85720465087 0.81026896925
1.43958295564 1.71876798915 0.870260294403
1.14135156791 1.76586300979 0.874223618196
1.13505022774 1.62463700126 0.927122925682
1.07702793363 1.67224089111 0.987796229342
1.15010768145 1.34764848611 0.875093895389
1.18166769508 1.46590732221 0.837350011639
1.18518276803 1.33748438327 0.838248524691
1.21442074464 1.40172892097 0.801157076313
1.22576026542 1.467626129 0.774250626061
1.25014415424 1.3239546381 0.770053849101
1.28106187379 1.38937046968 0.735036415571
1.28964660627 1.24563701354 0.710935241726
1.31572213154 1.31100411315 0.702392601366
1.33259447119 1.16730340013 0.669461693265
1.34574170628 1.31343357486 0.668857769278
1.3364487909 1.67196937023 0.664889754214
1.32568856764 1.74526542769 0.69036275954
1.30425006278 1.86010695654 0.696438876469
1.28982287479 1.95615914209 0.715804354266
1.27403608305 1.81708298706 0.747170874399
1.25443638329 1.90795379458 0.745605326359
1.24698084874 1.99889175081 0.76859015298
1.22239936309 2.08998833598 0.801783737757
1.20452265159 2.18124399057 0.796471113289
1.19419872804 2.04113098851 0.821803594383
1.17115054222 2.13186592106 0.830190559589
1.15515857395 2.22279181455 0.847985768176
1.14172124983 2.31388618976 0.875361700867
1.11777761725 2.37690257682 0.884115385907
1.10531655683 2.25941547292 0.900160528572
1.0895506321 2.17198285864 0.929104049109
1.07004537637 2.01400377813 0.930118954423
1.06322497488 1.85527548856 0.952527029744
1.28759144944 1.69646600074 0.965046128122
1.28733844679 1.53773022167 0.981024849337
1.54801307918 1.37913069567 1.00539684216
2.05549431169 1.22072822191 1.01426130373
100 1.06261253622 1.03247656064
2.33795738925 0.99170245387 1.06627216726
1.4390123284 0.981617282066 1.14372718389
1.41711520565 1.03271526991 1.24043292154
1.41814779501 1.00578362189 1.08726311816
1.61648955825 1.1025092715 0.969370982623
100 1.44413224516 0.904383707469
100 1.77698006904 0.890849451157
100 1.8779650232 0.889757580688
100 1.75330123654 0.881298380238
1.90765987068 1.83128853907 0.882878695256
1.14612882506 1.69084375406 0.872778932794
1.1343664353 1.76682181924 0.867249444305
0.898167820103 1.84410762496 0.869613716336
0.896625877118 1.67442958961 0.857563605903
0.900042925131 1.75061100712 0.850996331161
0.912537202924 1.61063299774 0.854097019265
0.910269086362 1.68603671069 0.841419905895
0.91591176669 1.76289772702 0.83721687061
0.925582541186 1.6218511388 0.837484829711
0.92448108068 1.69798332952 0.825822706947
0.932274099642 1.77550025578 0.824070959902
0.938102799486 1.63342801078 0.820143211768
0.939235999884 1.71026270206 0.810803529961
0.949104401455 1.56927608634 0.811589391808
0.951206717715 1.64535605616 0.803313432711
0.954508666253 1.72286771641 0.796395078221
0.966378222224 1.58082107867 0.801762600702
0.967723050776 1.62917131418 0.788323788399
0.970142095091 1.48896704845 0.780244995072
0.981005079825 1.56449508405 0.782698926551
0.981178357573 1.6415767923 0.771749757152
0.986262092925 1.52261545157 0.76877719592
0.992787873643 1.60385567131 0.766242890973
0.993791416119 1.46391768034 0.756222626865
1.00512044663 1.56274586939 0.763227479617
1.00333063287 1.42702320023 0.748040021139
1.00931095571 1.50350647906 0.744548103667
1.01771199087 1.58089121476 0.744340880946
1.01764354008 1.43941495812 0.732494746831
1.0256598931 1.51583088333 0.731826045191
1.03056963871 1.37559797783 0.726846047814
1.03252712814 1.45111538147 0.717623702317
1.04242905866 1.52830258998 0.719840213186
1.04395728474 1.3868395816 0.709928502915
1.04833841456 1.43485285275 0.70166458442
1.05733377729 1.51233948235 0.702790544561
1.06037490639 1.37041513793 0.694978309274
1.06424016132 1.41864790797 0.685838989555
1.0723542389 1.49643746752 0.68582190664
1.07686377853 1.35404719 0.68020860534
1.07918013463 1.43103622347 0.671057365323
1.08748564857 1.48059852877 0.668940468794
1.09342067751 1.33773781446 0.665631405718
1.09855255374 1.35793549042 0.655751636702
1.1023496068 1.43588733998 0.648850696721
1.11080875144 1.31584123705 0.652033278322
1.11089256883 1.39797493737 0.639162387921
1.11903778177 1.25680133914 0.639877091617
1.12319671824 1.33373836367 0.633585198975
1.12680665524 1.38325900967 0.623478457617
1.13418678911 1.24066017068 0.622938629394
1.14346995322 1.28918312305 0.623189075744
1.14284665232 1.36747768478 0.60793063313
1.14942636172 1.22436271347 0.606054637808
1.1562755591 1.3018154445 0.604759875995
0.947121009825 1.68816049976 0.822050521493
0.945492447909 1.42977177122 0.823406596998
0.901779218959 1.47237579417 0.868247401504
0.898985777359 1.33369283168 0.921164830359
0.848165506462 1.38765334455 0.920192815279
0.806352274244 1.24612680963 0.966321362041
0.800322986144 1.30026171084 0.977399568216
0.750677172841 1.15806586319 1.01711979258
0.754125687892 1.25245277406 1.03053295564
0.71279580581 1.36151989003 1.05520784047
0.693956523306 1.22963200056 1.05631967752
0.694022379636 1.3002873743 1.07602563461
0.666862151021 1.15991979296 1.08612360715
100 1.30726843382 1.09764702301
0.672085910406 1.84716901907 1.07791409203
0.701187140805 1.71447875234 1.06658234964
0.746504331068 1.79862687953 1.03704591165
0.739179116439 1.66256670845 1.03019352233
0.776302593466 1.72405210387 0.994573478807
0.782878397012 1.5833458335 0.967137016266
0.812057161801 1.64389178939 0.956117801057
0.850974110841 1.50303859697 0.922212343825
0.853890629337 1.56350923516 0.923061202313
0.885439481114 1.42269310711 0.88233209629
0.925768927935 1.48311852587 0.850381698153
0.925622385641 1.34235202873 0.8482168328
0.959153216579 1.40272832299 0.808865846298
0.970813264074 1.26201819737 0.779247847863
0.997912592203 1.32233912402 0.773502905995
1.28013097826 1.18169317131 0.735814550046
1.28221985102 1.32134510408 0.736328017649
1.05326756221 1.89894533892 0.725681785491
1.269596447 1.76900754818 0.746210541761
1.28265190979 1.70110321243 0.754247434953
1.79217092821 1.54295098274 0.76830955202
100 1.38460632031 0.793047915624
100 1.22642884828 0.796474359729
100 1.068583646 0.813350213662
100 0.986091660565 0.852426342543
1.7620737669 0.977185750099 0.946575592236
1.56821330147 0.972091939958 0.94656543664
1.58810753352 1.0431911259 1.11772484953
1.79655077117 1.30242477641 1.00739628196
2.00606211601 1.41854986074 0.938564279135
1.75138379347 1.26490310734 0.882511516667
1.50097073247 1.31149200229 0.871929201755
1.49540906614 1.16935218682 0.810434420961
1.49786291369 1.2965409938 0.808536088419
1.48951534197 1.62902056047 0.774729314883
1.48215031549 1.69011807258 0.767880898381
1.25169660308 1.26927204601 0.781624956649
1.26150616838 1.39567976005 0.743273438612
1.26991730453 1.48040911601 0.731602071683
1.28486826776 1.34122720862 0.730367044147
1.28976520364 1.41413631624 0.711049450265
1.30117671633 1.27361291054 0.703280297425
1.31321908787 1.34529699921 0.696785984433
1.31991052854 1.4192517565 0.680110162427
1.33286845348 1.27657623022 100
1.34214760705 1.34985760275 0.663764803164
1.35046719601 1.20811868133 0.649925983295
1.36488705258 1.28064273892 0.654759738528
1.37152389178 1.13997674965 0.631313828213
1.37996578551 1.5141018919 100
1.38062971554 1.88867954579 0.637963467519
1.34271888311 1.99535996282 0.675518654645
1.30576738522 2.06676796073 0.722511910421
1.29412520187 2.00029846377 0.724165907724
1.25461734005 2.05584784309 0.762525371984
1.2215750443 1.91573804109 0.810778265412
1.20718243402 1.97138429579 0.809409036913
1.16904883826 1.83111345023 0.849862893346
1.16397765049 1.88692312772 0.862075402977
1.12046272455 1.74648894038 0.895268139937
1.08392951118 1.80247960392 0.937395225964
1.07635093955 1.66186747607 0.946084705191
1.03402360401 100 0.981574265137
0.999375805784 100 1.02507244893
0.988857709091 100 1.03082461807
0.947941853201 100 1.06821902318
0.949108766683 100 1.11286031859
0.901536821158 2.49053623754 1.11612874007
1.40540338562 1.48275049357 1.40984286256
1.1810298214 1.39263821482 1.45287322644
1.42478738726 1.27617078373 1.51542670794
1.89947185047 1.13086572317 1.52933042323
1.69853396875 1.01663220321 1.6667195695
1.30673321336 1.00246981049 1.44999168215
1.31092882509 0.975930929957 1.44711244274
1.50039099494 0.94671034796 1.64122431146
1.91288090053 0.923286856611 1.63825220942
1.91832065636 0.892920320974 1.63176454065
1.52430636159 0.861101175025 1.23229305892
1.35842250046 0.896901377279 1.05956111197
1.22480086163 0.990178825553 0.918750675189
1.22601801029 1.12134927581 0.82258025244
1.38396487856 1.28626194075 0.82115556464
1.38194157418 1.42512831819 0.77907905219
1.17381806976 1.29978358887 0.786546169546
1.15972877806 1.36879415897 0.751954651437
1.16417848983 1.25149901364 0.731140080861
1.18586276152 1.32234287632 0.7277764184
1.19782842207 1.39266204713 0.699396272802
1.21484957663 1.24896188359 100
1.2386765844 1.31809327932 0.673608353187
1.24486731638 1.19726665351 0.650187969237
1.2529331929 1.35104649971 0.646512081422
1.25405159821 1.7167093079 0.657149818515
1.22391980196 1.79295383663 0.693217623462
1.20374998813 1.91005344878 0.692363119639
1.18897986363 2.00834487848 0.723518946005
1.15912406976 2.07490144379 0.761325082332
1.13698950419 2.16863957935 0.75917754816
1.12225301873 2.2623380262 0.789434190894
1.09465258779 2.12266307705 0.829403138392
1.08975568837 2.21594657018 0.824033546626
1.05642740663 2.3093241435 0.856383987574
1.0307046333 2.40278542067 0.864363943775
1.02278162751 2.49632111967 0.889464070883
0.990986606783 2.4279261809 0.923585067295
0.967402908148 2.27018417159 0.927991533159
0.956047082156 2.11268541174 0.955348288749
1.17576982465 1.95548867787 0.990986455215
1.17158908856 1.79867315932 0.992290525467
1.42911613699 1.64234805793 1.02159841053
1.43682858391 0.929384783694 1.22082741493
1.29232980047 0.987630728111 1.06646359466
1.18757263408 1.09456622566 0.948777996201
1.18907367127 1.23047424544 0.879642933217
1.18055199781 1.53071380806 0.881210741707
1.17832547397 1.42103816303 0.837278515166
1.19276724085 1.28709774154 0.807239212613
1.22187001896 1.34690944773 0.796850174598
1.25788773374 1.20634206082 0.758895896649
1.26942537763 1.26500567466 0.762682618293
1.30055749906 1.12407438884 0.716442111567
1.30705340929 100 0.694912371794
1.30360237759 2.32341065972 0.720090214242
1.29026598334 2.40026360091 0.71036907678
1.28308142923 2.26228999061 0.731654770451
1.26600127319 2.33156466188 0.735862902242
1.25384432089 2.40215008063 0.748776391682
1.24521647641 2.26126436646 0.772509759367
1.2280873215 2.23192469254 0.772261430624
1.21768263139 2.07322850371 1.03707229739
1.20630455241 1.88294102392 1.30477235778
1.18838859773 1.72452817276 100
1.18106030121 1.59161773968 100
1.1673159918 1.43865422374 100
1.15354011252 1.28197408814 100
1.14817591614 1.12495850976 100
1.13672082056 1.05438235504 100
1.16907080936 1.02275087573 2.32947749024
1.24949595509 1.0155791129 1.68169525103
1.34192192808 1.04534370477 1.48875514761
1.1819489614 1.12128219704 1.48724517011
1.05079984126 1.09181016946 1.52610630213
1.04840356194 1.21002536977 1.52644432191
0.948815466253 1.14582204827 1.52164406344
0.944380657874 1.26002665315 1.51920631664
0.876168263871 1.36298424259 1.73752014252
0.829394806186 1.40261594351 1.47980928256
0.792331870427 1.26170612589 1.47622456177
0.782010209688 1.3186061686 1.27980551795
0.736994016722 1.17556599381 1.27869712756
0.735396129072 1.3135968441 1.28410965228
0.982559695497 1.44831533477 1.16059329962
0.912031891024 1.56007422128 1.1035355095
0.968905488058 1.61884605401 1.09273980051
1.03515536058 1.48016203713 1.03216335223
1.03827462417 1.52523966077 1.02970480091
1.09851582152 1.38224737847 0.963040479154
1.11251488079 100 0.903615214737
1.16712530273 100 0.899854791114
1.22823822263 100 0.833395914099
1.23688088419 100 0.779292884553
1.2944323342 100 0.768506747915
1.31126805047 2.37608110249 0.705823625828
1.36241023919 2.24816899082 0.707103761059
1.42304834364 2.10085848222 0.638510780405
1.43433986895 1.94611895326 100
1.49104076676 1.791211398 0.814900985022
1.50998742598 1.63696128412 1.0603241543
1.56260946432 1.48375201807 1.31108022731
1.62028764689 1.33197936081 1.79366938072
1.63727685394 1.18159747115 2.04574129942
1.68744769856 1.06718880277 2.06641208394
1.75238433125 1.02856707021 1.85485540302
1.74833683836 1.00061454053 1.65281848949
1.54553343742 0.972575727017 1.65606463366
1.74228747793 0.943082788892 1.86372076588
1.53275804044 0.914474283321 1.67066953315
1.33659425447 0.92966461874 1.67384378124
1.15758852149 0.90128005 1.49995129031
1.0033195425 0.966046536094 1.35520532629
1.00111106351 0.943406421062 1.35818498644
0.881177060137 1.05421237853 1.255420723
0.879877280063 1.03190346153 1.25847799007
0.8059575801 1.175407603 1.2596071798
0.80548469182 1.57425782939 1.46093971518
0.797842719304 1.96050088765 1.45381278089
0.823944837808 2.06609799998 1.44337130408
0.825473115766 2.10404609387 1.1745459506
0.845791431784 2.17266016071 1.17007340786
0.875612184444 2.03145375438 1.14514355634
0.873111838932 2.09914644447 1.12733077474
0.89576054697 1.95819185284 1.11980534738
0.905707246361 2.02552545091 1.09645240712
0.921462729438 1.88497487246 1.08058802474
0.946097339566 1.95194489505 1.0698421096
0.952272535698 1.81183982318 1.04821230869
0.97033701767 1.87841591001 1.03448274597
0.99674644528 1.94713833992 1.02022080251
0.999515168638 1.80494505332 1.00049003938
1.26841287874 1.89631099856 0.995832206377
1.27859854422 1.75853831062 0.972473922716
100 1.67200010271 0.953340042602
100 1.51419070795 0.946416052829
100 1.35659354688 0.922223872111
100 1.19943202221 0.906924967876
100 1.11680187393 0.899345191906
2.01566812307 1.09719376362 0.922288530478
1.57115046178 1.09001774994 1.00507215158
1.52526303522 1.13622614176 1.13695639626
1.90710658099 1.34892991623 1.15157793491
2.11030154657 1.44664433207 1.06888345754
1.87302514822 1.31877222074 1.05824601772
1.41490641372 1.35075900945 0.971510980441
1.39644256853 1.20571627554 0.971104628332
1.3959133614 1.06409158718 0.877929444177
1.40133276855 1.35549702973 0.802861786851
1.13805950158 1.17074087859 0.773780482396
1.13820229175 1.56738972174 0.774407232538
1.1287687111 1.95391353055 0.768736423128
1.11913355977 1.99771543242 0.795082117556
1.10111924012 1.92194003439 0.793897544335
1.09776351459 1.92928316007 0.81362199302
1.0740522816 1.99766797375 0.825558173643
1.05792657307 1.85741431138 0.837805952204
1.0513359568 1.92525999059 0.859881698895
1.02930340896 1.78551856493 0.867540817344
1.01524317116 2.23037658271 0.882407012565
1.00523434523 2.32010728754 0.906505429141
0.98503194591 2.18060008615 0.910309276108
0.973228962555 2.2697744665 0.927529843677
0.959495967458 2.35920063434 0.953443798382
0.941306465328 2.44885220844 0.953753889532
0.939016742494 100 0.973102573611
0.91417529171 2.39868828878 0.984762259135
0.898206723349 2.28354945305 0.997786307372
0.89227261563 2.1257725255 1.01906618481
1.12096456657 1.99293204547 1.02418151401
1.118976955 1.83874166609 1.04155269799
1.38048456858 1.68049184404 1.05521455695
1.88998624004 1.52144852259 1.06728818516
100 1.3622699304 1.08714988434
100 1.2030968818 1.09734359144
100 1.04397271117 1.11153201449
100 0.97245933061 1.13932883459
1.85174571908 0.941609020488 1.20846881637
1.47178575218 0.970868256072 1.18865732857
1.52474304677 1.18793064386 1.04924311564
1.52306796231 1.33047740879 0.950440190824
1.73351899732 1.43059621685 0.891969700257
1.48149672636 1.29859915188 0.890405854745
1.4741319949 1.37512811486 0.831952290804
1.29836614873 1.23541561979 0.785211820422
1.28795398381 1.09558070459 0.773745554
1.28835699504 1.2420318906 0.736196609287
1.27484176989 1.56311958404 0.741507777314
1.26804032984 1.62502822546 0.734611366421
1.13327013426 1.70070604453 0.868129076469
1.13547780392 2.0639985697 0.880225145616
1.11766547039 2.05548034043 0.882956290787
1.10770913736 2.12861682054 0.897099073107
1.09718567556 1.98834161993 0.910856064813
1.08148809768 2.05876317528 0.918515257099
1.07345817378 1.91862875723 0.935202632988
1.05942172502 1.98847040445 0.944938540066
1.04560755282 2.06004103875 0.955025434374
1.04186768485 1.91827881038 0.973717578824
1.02207460879 1.98941517746 0.979746564443
1.01028318015 1.84822336077 0.9920600571
1.00316410549 1.91888928761 1.01259584462
0.985190987623 1.77832108013 1.01518510375
0.975577624395 1.84847500071 1.02956080162
0.964787824068 1.73075460226 1.0390290862
0.951755048103 1.805285101 1.04943117156
0.947232478851 1.66637097526 1.06836834988
0.927661830749 1.7360848099 1.07337953796
0.916941886628 1.8076562983 1.08655489291
0.908499716316 1.66598870854 1.10155917894
0.890967846591 100 1.10911150677
0.882702231538 100 1.12414945306
0.870185552343 100 1.13578865528
0.854862479455 100 1.14535019059
0.854975115226 100 1.16212116946
0.832332189253 2.44794585806 1.17059921968
0.819425810258 2.2887395266 1.18204422446
0.814078518639 2.15503395225 1.19541452143
0.796751543431 2.00096156932 1.2032486365
0.800411439834 1.84285206854 1.21874980122
1.02486060734 1.68397442083 1.22906132281
1.04044659672 1.49320056437 1.241767056
1.79499524518 1.33428356721 1.25663822676
100 1.17548094687 1.26806768951
2.08098396624 1.10415719776 1.27608395565
1.18344618502 1.07355109473 1.40174738161
1.18719415649 1.06319887236 1.47742530158
1.1855164314 1.03491539478 1.47513408356
1.18623866694 1.01094730256 1.52836224982
1.38946595465 0.990391252102 1.42712725826
1.60562170364 0.95637283947 1.43042834661
1.61173917873 0.927893545491 1.43131611353
1.40767406145 0.906365464251 1.44293927635
1.222277876 0.94175581992 1.25283940493
1.61083244482 0.855740840888 1.44141419667
1.61408460262 0.829036730548 1.4375562402
1.61992331244 0.803516117401 1.43211117087
1.42926064781 0.838206902939 1.22925417609
1.26232901911 0.809322524317 1.04489245025
1.26301148903 0.896044198788 0.888332757153
1.36229902011 1.03198909116 0.773728999019
1.59846852466 1.21892334441 0.725496560703
100 1.56422674261 0.738378270103
2.03219541216 1.65969819535 0.732049153564
1.26366697396 1.74701968744 0.74370652968
1.25600458226 1.83310508767 0.750105227298
0.99847401822 1.71458998112 0.75345659565
0.99710089635 1.80420570797 0.771558190292
0.983673527596 1.89080066704 0.766865852483
0.978670877895 1.74983554153 0.776906355651
0.973106868985 1.83482455653 0.786172316805
0.961721128281 1.92034785355 0.788280268364
0.958892185775 1.77961039076 0.800813231549
0.949622439506 1.86438507245 0.805580503248
0.940286267155 1.79015738499 0.810348713086
0.939728004706 1.80939125265 0.825206099512
0.926594743144 1.72450450425 0.825714124111
0.919411303534 1.79807159887 0.83300225391
0.918037574689 1.83921922322 0.850045093068
0.903963647587 1.70416800819 0.849408638614
0.895830463092 1.77818922039 0.855690709952
0.896285269844 1.85373141844 0.87150049438
0.881179945843 1.7119391063 0.869983733212
0.875342146726 1.78686531151 0.878616575209
0.871905725494 1.64599201781 0.889557429201
0.85892621371 1.72024147435 0.891177131437
0.855502105146 1.79604195449 0.902039857328
0.847974189585 1.65388918537 0.908956485098
0.837244711589 1.72906745943 0.912945773846
0.836356474733 1.58784248707 0.925922807273
0.82452967266 1.66233494673 0.92899929311
0.816181043894 1.5221411593 0.935249493566
0.812214802545 1.56775682388 0.947972858386
0.802115413536 1.64274093684 0.952732073931
0.792662644081 1.50182996447 0.958109048432
0.796239328185 1.57607691389 0.972030070285
0.778916470495 1.65201047202 0.973174689342
0.772023078108 1.50970682925 0.980676987799
0.771286773863 1.58496805678 0.992945427555
0.756294203488 1.44367122327 0.994176981275
0.752112705506 1.51818460709 1.00370816623
0.746805081776 1.37801818215 1.01233591492
0.734301912903 1.45169586354 1.01570423208
0.73299095034 1.52725329103 1.02717142403
0.722842095924 1.38554425339 1.03230601568
0.712997895648 1.46034361792 1.03772377195
0.718037402108 1.3197804722 1.05103782453
0.699451130499 1.39372880026 1.05282274777
0.692445681586 1.46960348647 1.06020492808
0.692728942338 1.32745322848 1.07227630228
0.676691506608 1.40256029536 1.07385478036
0.672714179678 1.26157036972 1.083118957
0.667920195175 1.33581135481 1.09181926522
0.654629077507 1.41202659975 1.09537243127
2.3991467001 1.26940308334 1.10643896504
0.643668944051 1.34484207264 1.11189499064
0.631506170172 1.17565195714 1.11857960808
1.06635036395 0.963996669132 0.949516517682
0.974202810705 1.09566133244 0.846611725974
0.950046731171 1.4562430366 0.801247926248
0.95718537262 1.60752141597 0.805432036912
0.952775352725 1.70166184477 0.79723761425
0.95890010756 1.78486847872 0.802019624919
0.957043100546 1.64382876223 0.797261153073
0.956706665735 1.72331461527 0.794305172381
0.964937032502 1.58301121134 0.801669069093
0.959364871868 1.66154452639 0.792393205163
0.961116447907 1.74125201187 0.791951364202
0.966916316977 1.60031331144 0.796432910458
0.962205478731 1.67921891472 0.78813303166
0.966015599638 1.75925667852 0.790212949527
0.968188335545 1.61772917872 0.790300635405
0.965548351332 1.69699846125 0.784478256131
0.971397503247 1.55684743503 0.789095494369
0.969966925828 1.63526090466 0.784748686814
0.969388228337 1.71488105752 0.781437314076
0.977254195222 1.57410527399 0.788601658005
0.9722493013 1.6529048485 0.779789453085
0.973719229656 1.73286352249 0.779017393773
0.979938063981 1.59148564986 0.784189801753
0.975031924114 1.67065745519 0.775434306253
0.978534834151 1.53069051343 0.777224295976
0.981172821985 1.60898459168 0.777935322212
0.978310525696 1.68851529736 0.7716934741
0.983827925796 1.54790866613 0.77606236553
0.982907567602 1.62659827287 0.772268585662
0.982080138695 1.70647507123 0.768575926702
0.989590842717 1.56525228379 0.775534439347
0.98513965953 1.64432300624 0.767202615831
1.23558518697 1.69592105784 0.764617479813
1.24520139977 1.5547618983 0.770447969146
2.01107435991 1.6337911337 0.764143339378
100 1.53580061294 0.761848695821
100 1.37643806437 0.769834355246
100 1.21707551613 0.759402091257
100 1.05771296836 0.759718805016
100 0.986032889547 0.757683017845
2.24575119135 0.954790776712 0.789352703773
1.62204802867 0.976571646525 0.886843871236
1.63317783877 1.06117819451 1.07773775178
2.05476375998 1.36269740927 0.982299062555
100 1.67211216015 0.934500663385
2.45933906366 1.54136410082 0.906694741412
1.95729673925 1.60660820734 0.898301177989
