100 2.01556443707 1.0
100 2.21469976683 1.0002860248
100 2.17656380261 1.00222574583
100 2.15393932495 1.00424735194
100 2.10468374722 1.00518277906
100 2.05246237428 1.00089734272
100 2.1911178796 1.00126853356
100 2.13533364111 1.006397594
100 2.2164822572 1.00024025252
2.02525889372 2.07563543605 1.00236824925
1.26013878655 2.15552873057 1.00408408745
1.25000001199 2.01571476246 1.00000001499
1.00411492141 2.09489568441 1.00411492141
1.00234683566 2.17497056267 1.00234683566
1.0002438867 2.03477077838 1.0002438867
1.00326318982 2.08614923758 1.00326318982
1.00140366017 2.18878923712 1.00140366017
1.00091244018 2.05277251035 1.00091244018
1.00666146254 2.13328365112 1.00666146254
1.0000002675 2.01619953725 1.0000002675
1.00464563342 2.09989849914 1.00464563342
1.00190991035 2.18093710664 1.00190991035
1.00042064296 2.04080116391 1.00042064296
1.00713693869 2.12031292626 1.00713693869
1.0074980366 1.65195041966 1.01122192642
1.00995511729 2.01258695853 0.990049859332
1.02211054689 1.8881657938 0.990286614134
1.02309606449 1.96633531876 0.978843994397
1.02972467841 2.01474503041 0.970520554777
1.04154628553 1.89604375365 0.972344237347
1.04111438712 1.97622812993 0.959375718384
1.04939214438 1.83627083481 0.955465063925
1.05709306924 1.91151586547 0.950901884681
1.05954543022 1.77164522118 0.94045660112
1.06976220304 1.84603168034 0.938755362007
1.07411523598 1.92184082493 0.930398483653
1.07851945112 1.78081551063 0.922046170599
1.09052161449 1.85598037188 0.92263179077
1.09165360754 1.71594267305 0.91036625367
1.09793709724 1.79040314019 0.904196921112
1.10900926964 1.86632794133 0.903910862943
1.10967784154 1.72514178713 0.890834039146
1.11862570134 1.8231395229 0.890261161814
1.12235449988 1.68688664716 0.881343149418
1.37728447456 1.76277912818 0.873636970553
1.39356083153 1.73949245051 0.870315049869
2.41179093524 1.58023010109 0.86210032085
100 1.4209601236 0.853405978375
100 1.22986001685 0.849503265322
100 1.0706455274 0.843037115961
100 0.987086061796 0.842307194509
2.12412963132 0.96813003178 0.899285318778
1.65819406754 0.968071742102 1.01366766191
1.65835261044 1.15563981013 1.12588829638
2.47570786252 1.29462448961 1.01367990104
100 1.39022953237 0.944467253482
2.43040238509 1.45139886825 0.893296974892
1.93769918613 1.28233857671 0.891557975371
1.44965301445 1.3331959432 0.83068064941
1.43147361004 1.1897368398 0.778360570958
1.42847142179 1.32277247395 0.774600733915
1.41268612802 1.66301123361 0.75221519795
1.39489834874 1.53300095374 0.757675418697
0.804624595685 1.18347967704 1.10695783694
0.879720679811 1.16753622252 1.16287129118
0.797454501785 1.14030058853 1.16330005811
0.79809408595 1.30478927246 1.12315736303
0.764111479949 1.42341555267 1.13351786975
0.751605301609 1.5053673933 1.14671304994
0.742688501825 1.36458187884 1.16852305575
0.72197483649 1.43565139735 1.17314521802
0.727579994887 1.29328502016 1.18974794625
0.698245055132 1.36342564781 1.20351471946
0.680268752466 1.22162872999 1.2149738018
0.681541783078 1.29117619929 1.23325488607
0.654352414978 1.15012325192 1.24398205757
100 100 1.25464932576
0.656546064068 2.16273101412 1.23913368556
0.689742486277 2.03153261502 1.22356107562
0.735955992977 2.09456879344 1.19400843441
0.728314049579 1.95307546652 1.18437307516
0.765929649636 2.01418693801 1.14945714405
0.773396037925 1.87225755908 1.12161731656
1.05159770108 1.93333175913 1.10894817954
100 1.79134655002 1.07555375545
100 1.78091675078 1.07301986523
100 1.6252192622 1.03377937917
100 1.46713852945 1.00213901121
100 1.30833179309 0.996834295267
100 1.14967888504 0.958926352263
100 1.07832730603 0.946046400346
100 1.04671417084 0.944297004548
1.53772402091 1.05631688751 1.08694376115
1.53777361818 1.10468419493 1.22954460357
1.54776513374 1.19434618206 1.15915040084
1.75575787339 1.3250048081 1.0494819171
1.96331692906 1.41293930749 0.976047547407
1.4885627185 1.28231714494 0.975949710297
1.47095175746 1.32460444206 0.902069112179
1.31615379323 1.15361129612 0.832969943779
1.47809948575 1.27608206184 0.831707647266
1.47512779733 1.6024780571 0.78892213382
1.25097543644 1.47120542408 0.774439047139
1.23687571454 1.54731229175 0.772442803424
1.24276253711 1.40743631843 0.76167708407
1.25044121727 1.4527021224 0.749592458032
1.26110790571 1.52743303646 0.746654668519
1.02793720431 1.88523232306 0.988793359288
1.02676115232 1.61988128844 1.03530067427
0.97500781897 1.49297333926 1.04060983673
0.969884937265 1.51788724459 1.34191166559
0.908142757683 1.3739319887 100
0.854332819838 1.23325983236 100
0.853195112939 1.2510002827 100
0.788808941782 1.11010750684 100
0.746387736165 1.43282865716 100
0.752287198507 1.38129771185 100
0.743547884968 1.20442019668 100
0.74335076359 1.04700647954 100
0.742693308217 0.975624625858 100
0.772127004744 0.944463528758 2.04605426938
0.868766339587 0.969271682445 1.81235424071
1.06165052341 1.05942109668 1.81248639939
0.968456246626 1.36653461679 100
0.923251698654 1.67929080372 100
0.897901392272 1.54825850943 100
0.887931458961 1.61458969707 100
0.853944108076 1.44395385853 2.25124442893
0.828040627809 1.50732136009 1.74793302788
0.819557095908 1.36509027416 1.48618695043
0.786081352973 1.42832846223 1.47868992049
0.791584385412 1.28615656995 1.27049833663
0.750118489964 1.34931982683 1.26634247439
0.718818305667 1.207229576 1.28213622845
0.721052943535 1.27031090063 1.30524736536
0.680999912813 1.12831435332 1.33469776781
2.416409742 1.27135826503 1.33765119054
0.6734813494 1.83182658128 1.32887278805
0.688810211113 1.69882308669 1.31440114184
0.71774842358 1.79053173639 1.30154123658
0.718638785135 1.8813498409 1.28149928437
0.738953613548 1.97215187288 1.26795676606
0.770010826825 1.83248701159 1.25182713575
0.76677768628 1.9226184703 1.23340509356
0.78966356423 2.01299479747 1.22594765735
1.05588759412 2.1265509444 1.08014887105
1.05172270193 2.03779297478 1.01093998978
1.05812496943 1.89701022383 1.01559523947
1.11383712785 1.74672543049 1.19105692169
1.12951020857 1.59549951453 1.19634218714
1.17998704888 1.43883884493 1.44895017035
1.23707223033 1.28273392343 1.9337482668
1.25037719488 1.12751822008 2.18765931365
1.29916910426 1.05824557827 1.97670623667
1.4522563951 1.05350592589 1.37617775716
1.44971913693 1.02922381837 1.37911634872
1.39502821518 0.981137604967 1.97422837965
1.39588592332 0.960795438352 1.97800742056
1.49558074204 0.945623934392 1.77626126243
1.42292441105 0.920702322151 1.58911274342
1.23741572396 0.972204085677 1.5913539724
1.0726779293 0.941165170407 1.42748008328
1.07111069563 1.03563065056 1.4290823269
0.935092108034 1.00592401448 1.42825923651
0.934918673252 1.16036154386 1.53067387368
0.847432043718 1.55018303565 2.24515058269
0.831184943924 2.07886288178 100
0.846385191144 2.03079053895 100
0.855265150676 2.04839349416 2.40447453244
0.868205525902 2.11860541713 1.38332230613
0.890804606983 1.97871269035 1.37409943238
0.895125897273 2.04720282073 1.10560045532
0.911803424381 2.08888021606 1.08927320428
0.933226232527 1.94751706552 1.08240587719
0.939353747852 2.01695018011 1.06186485671
0.954119517991 1.87608235053 1.04906418349
0.977408213518 1.94509171722 1.03886057001
0.980005541121 1.8047658675 1.02011892259
0.996908357544 1.87331504156 1.00949398253
1.01050069785 1.73358259861 0.99568245914
1.02125399555 1.8016300073 0.978903311948
1.04011150291 1.87175235865 0.976093487121
1.05498879309 1.70208198975 0.952542640426
1.31516857988 1.77126611739 0.934849783863
1.83540239634 1.63075221671 0.933926833238
100 1.58455935189 0.90953758396
100 1.42702157709 0.894048128122
100 1.26993923787 0.889498233802
100 1.11192553006 0.867008187351
100 1.04027250159 0.867587507851
2.08757099974 1.0091484374 0.869469355576
1.65114656508 1.00448162594 0.933629918713
1.61572038047 1.06357555286 1.212839237
2.00274961662 1.30340560834 1.05407829686
2.20639037088 1.23821620776 0.973789570058
1.74404913573 1.25254534985 0.964260831923
1.5014118752 1.11226682214 0.877478701202
1.71858412401 1.22434014036 0.816019349432
1.93159631696 1.51204267098 0.791597660208
1.42691843376 1.37628795107 0.780593960494
1.41032329559 1.4448299006 0.754476020641
1.20428385793 1.30215772382 0.756429366512
1.18971944216 1.36906086082 0.722102317601
1.19638161073 1.22637263101 0.698717268941
1.21911907349 1.29295177276 0.696553360758
1.23474367977 1.15056490094 0.664174298235
1.24720670921 1.29692350013 0.666566807447
1.23476631815 1.65594274871 0.660677370125
1.22378493928 1.75765554665 0.688620170573
1.19854901527 1.85194979777 0.697739102929
1.18024042809 1.9448223758 0.718651279308
1.1634159739 2.01807464431 0.750883799297
1.13983414749 2.08321330855 0.755241404056
0.806257629157 1.10235472449 1.153313957
0.803558646463 1.08459235429 1.15688981027
0.803394544286 100 1.15726617745
0.763766953921 100 1.1347190524
0.754908913079 100 1.14064737361
0.760533236308 100 1.15202870631
0.743968625038 2.4575451589 1.15311223932
0.741457226793 2.32391017872 1.15948739015
0.736402053275 2.16981191441 1.1658964092
0.976177596702 2.01164818025 1.16894725085
0.981328866239 1.85269852974 1.17914257039
1.49601924772 1.69362517732 1.1822384146
2.25692147342 1.53457085162 1.18716314398
100 1.3437915217 1.19732642657
100 1.18491935191 1.20173983659
100 1.11355441617 1.20806321556
1.70473422849 1.08289837055 1.25320416261
1.32008380085 1.06473226971 1.46450829175
1.32194469735 1.10812588076 1.33688450055
1.50412869274 1.01740430199 1.47302428296
1.50853424178 0.98904099487 1.47498809576
1.33956553132 1.01803210578 1.16238673273
1.33914739205 1.09505657931 1.03355215604
1.43099591066 1.21556205251 0.948212649629
1.42455588528 1.30132949079 0.947199796543
1.42394060133 1.35734781006 0.880998271389
1.24760308457 1.216197875 0.824308882997
1.24698240908 1.26376876374 0.817931470593
1.30870611668 1.11908919905 0.753537006851
1.28115352199 1.25030087242 0.754076292036
1.29397838684 1.56414659064 0.718347918428
1.29298295572 1.42960497008 0.707078175417
1.29884997015 1.50909096135 0.709021321377
1.30412243817 1.55998222902 0.708167282603
1.30301248405 1.417912506 0.697244205236
1.30821323246 1.49609146588 0.698046927186
1.31184042484 1.35536223493 0.695925337893
1.31228589491 1.43261490861 0.68776453232
1.31898600486 1.51136501746 0.691511999447
1.31995212554 1.36966511215 0.684307939231
1.32192699213 1.4475526303 0.678994617931
1.05038749268 1.85821845423 0.970653486068
1.04954309901 1.57236128091 1.01355386599
0.985810389309 1.44054933229 1.07886928388
0.984654928372 1.30224446959 1.08657742787
0.914396231611 1.34358157224 1.14741145529
0.851577662894 1.20161188167 1.21449723875
0.849215191178 1.24442213944 1.22081235339
0.778924568552 1.10085243334 1.28270779591
0.732864638606 1.21662863611 1.26800715495
0.738421260738 1.5355729818 1.28035820899
0.719632707605 1.40131525615 1.28273198382
0.711505642093 1.45041892294 1.28870784663
0.716669460948 1.33314128463 1.2988829079
0.701560527603 100 1.29905421762
0.698873104986 100 1.30622915253
0.695874143773 100 1.31324964151
0.684255052713 100 1.31574498276
0.684621751226 2.34165577217 1.32449520851
0.676451383867 2.18266664922 1.32882231711
0.667667988818 2.02373471057 1.33287833838
0.675732269275 1.86487595373 1.34309015454
0.907194518234 1.70611110215 1.34480045941
1.16860643345 1.54746911671 1.35037289355
1.9295399841 1.38899210892 1.36016858446
100 1.19912956996 1.36323410605
100 1.04129457573 1.36816698941
100 0.970552029105 1.37131979949
1.5982790042 0.940031769527 1.44310566826
1.20279740431 0.976884477878 1.27220332253
1.20424157282 0.947529239785 1.27092234257
1.25 1.2747548784 1.95256241898
1.39300670328 0.893958697588 1.26460681504
1.2190316365 0.864478569894 1.08598554064
1.21834449482 0.94554201504 0.936058877028
1.30844954378 1.07685724809 0.828394431369
1.54341649263 1.25661590464 0.828327439444
2.00954795732 1.59097350612 0.786265014922
1.24895218762 1.68057649888 0.774650121711
1.2317013513 1.54149429096 0.77585216476
0.997811386332 1.61948334422 0.771382507369
0.98573216534 1.47945604004 0.764590795124
0.994810161511 1.55614238724 0.768538435893
0.993765766813 1.63425630235 0.759372208878
0.996567725537 1.49318591072 0.755178402972
1.0064750286 1.57047904905 0.760401577363
1.00307801304 1.64914254461 0.747967548052
1.00787190174 1.50716010892 0.746436265245
1.01424993736 1.58505354248 0.747084759478
1.01288683641 1.44436069353 0.737186421725
1.01962899847 1.52139327108 0.738389291694
1.02609841266 1.57126305099 0.737657815989
1.02391601186 1.43033620394 0.72645473014
1.02975569402 1.50751801559 0.726498891619
1.03419407641 1.58613562518 0.724591341646
1.03399550999 1.44425507947 0.716026056746
1.04173066807 1.52206600569 0.718902468085
1.04279231649 1.38154047252 0.712113167782
1.04454220711 1.45844533847 0.706278376688
1.05412891652 1.53685987536 0.714867952063
1.05188080857 1.39533503513 0.700254744723
1.05554209894 1.47289913723 0.697240252177
1.06365277409 1.55189259285 0.701001743942
1.06144695957 1.40941286916 0.689048070695
1.06698116912 1.48760879402 0.688939609526
1.07176926094 1.34646818695 0.687713380393
1.07147797596 1.42376557189 0.67852543975
1.07884544785 1.50256679454 0.681403400588
1.08037052257 1.3604249552 0.67503698756
1.08196092831 1.43838491513 0.668719143953
1.09112106472 1.29766054465 100
1.089445077 1.37466888066 0.663007668144
1.09288281176 1.45326285196 0.659661130453
1.10120882514 1.31148658941 0.664448807596
1.09898120002 1.38919113034 0.65166125702
1.10423060207 1.46839152209 0.651382616449
1.10934471248 1.32561316065 0.65091562905
1.10896698447 1.40398306763 0.641034017993
1.115991307 1.26260353324 0.643913667687
1.11794879047 1.34003075399 0.638019660205
1.11939039648 1.41903625896 0.631162279441
1.12815201302 1.27660313506 100
1.12701033604 1.35473007792 0.625800295553
1.13023932831 1.21378246923 0.622082009218
1.13876639866 1.29090760287 0.628017015861
1.13651840698 1.36970206207 0.614297912629
1.14150164749 1.22764427652 0.613828332548
1.14692040479 1.30550691546 0.614212504024
1.1464618937 1.16503119081 0.603553505042
1.1498984979 1.5470080849 100
1.14358987253 1.71727657349 0.626329228681
1.10125056681 1.79892127419 0.674301934636
1.08913227826 1.66209040084 0.73762660868
1.03714547249 1.68702707145 0.730829091596
0.992528384161 1.54415263932 0.781757351676
0.981152717648 1.59690976659 0.841666771492
0.930196972817 1.45315600228 0.83760016183
0.882531304739 1.47765141825 0.889573831853
0.873687198113 1.33375993907 0.946874178406
0.820917704889 1.38761872953 0.946928775098
0.825928573655 1.24287223269 0.997539477526
0.765451734361 1.10216598576 1.00944181721
0.719348388836 1.19148037709 1.05171855831
0.71777255428 1.35794293498 1.04253912871
0.980319670018 1.09064916425 0.840629531244
0.955663057706 1.45869490999 0.795164448098
0.97379345831 1.39654592343 0.794239840465
0.97217548981 1.48209049952 0.777978508316
0.988913505824 1.55788282633 0.780179808892
0.995846852046 1.41621206134 0.757317151726
1.00655189246 1.48843696681 0.745228044149
1.02540392774 1.34693878377 0.742625970569
1.02884558369 1.41839543642 0.722135768971
1.04162310263 1.27776220819 0.712952291544
1.05553468355 1.3484848593 0.705578468521
1.06242897775 1.42161152936 0.687610369437
1.07712133235 1.27875952075 0.696027155588
1.08755872182 1.35127343088 0.669004485709
1.0965241251 1.20925277605 0.653845054065
1.1126178835 1.25250972639 100
1.12431738096 1.3261736256 0.634067144097
1.13265734367 1.1826522251 0.617437768084
1.13890210109 1.33602395804 0.616043035305
1.13779292738 1.93922321184 0.629985607181
1.10044840107 2.01817726911 0.672471788544
1.07040360196 2.11613352527 0.679615989385
1.05493691133 2.09770001958 0.712845309936
1.06332909508 1.94026300756 0.757083214963
1.25938373607 1.78310394184 0.760158642512
1.27024536135 1.6263607549 0.796101402401
1.76892146557 1.47017822315 0.841656834277
2.26763433429 1.31475858484 0.841609923448
100 1.16040891638 0.879670604441
2.31079536461 1.09080620307 0.882510654842
1.45941153335 1.05990263833 1.04723673905
1.46074151805 1.08640374054 1.19686567651
1.48403337664 1.16650172744 1.10141725438
1.69731479039 1.45497959312 1.02366104799
1.68276350169 1.36855099125 1.01670814369
1.43526872672 1.41946039468 0.949971070997
1.4248749416 1.25049450622 0.886254384345
1.26327120946 1.2920713225 0.874808934239
1.25610251328 1.14806717247 0.806381879009
1.25884148647 1.26271169869 0.766884609703
1.24921989704 1.55308933471 0.768785720423
1.25312835854 1.41719215414 0.749140782605
1.26076880785 1.49234822509 0.741490775795
1.27264296158 1.56847274083 0.741054224401
1.27549742354 1.42576499592 0.725033193274
1.28483461412 1.50100808989 0.720285037187
1.29385811014 1.35925957877 0.715058733327
1.29838266266 1.4337376665 0.701617460277
1.30925263471 1.29311916686 100
1.31552760101 1.36674574861 0.689594764171
1.02274751594 1.75665554386 0.996043491691
1.0124726626 1.50034615205 1.00317428236
1.00100901701 1.34781570296 1.0638697438
0.932292355867 1.39039599614 1.12999803062
0.866637049665 1.21930464993 1.20120354388
0.859767390859 1.26074830331 1.20810898908
0.788531810965 1.11645771263 1.27303508398
0.743805256388 1.2314588668 1.25655621007
0.745951688053 1.54912026047 1.27162888646
0.726574416727 1.41402613267 1.27485582475
0.720044956749 1.49039056458 1.28337293423
0.717400614657 1.34921157918 1.2940738948
0.70225190059 1.42341499718 1.29790137839
0.698776236924 1.28309762466 1.30809596595
0.691095948034 1.35637856237 1.3160087617
0.678658100227 100 1.32146937475
0.672761333948 100 1.3326812276
0.665624588417 100 1.33899008871
0.655709068159 100 1.34544677018
0.659319912264 100 1.35852705577
0.641213468216 2.33078684351 1.36394646896
0.628321829357 2.14058923452 1.3717522941
0.874344890699 1.98140443084 1.3820736669
0.865921970754 1.82205233765 1.38954609165
1.12951371981 1.66270140661 1.39538351688
1.88460467189 1.52885826897 1.40696703562
2.39826218404 1.37460535615 1.40971040924
100 1.21628056905 1.41898629561
100 1.05714807587 1.42804100036
100 0.973433190374 1.43290496833
1.82744661543 0.950876140706 1.53961950539
1.42955880985 0.972499907208 1.32721647766
0.924127971729 1.90256662418 0.987667717746
0.913860326741 1.81169664989 0.985587039504
0.904592767199 1.6590662299 1.0067556412
0.88816519782 1.75520772106 1.00703001028
0.886858987051 1.61823588814 1.02495627573
0.864573502195 1.69009990879 1.03287512439
0.851817688103 1.54885828634 1.04521399648
0.845798209713 1.6192503803 1.06541527374
0.82569713952 1.47850591329 1.06994078161
0.815543598955 1.54827984104 1.08430251779
0.805231610662 1.62027490163 1.09887659225
0.789857023475 1.50006807774 1.10582164234
0.787709661003 100 1.12422474723
0.76548186398 100 1.13101895651
0.754023672023 100 1.14426171018
0.746569996486 100 1.16046064555
0.726808099913 100 1.16839775778
0.734308272903 100 1.18345848295
0.705966705127 2.42034632955 1.19642244434
0.688841445531 2.26182811566 1.2062934206
0.692083590626 2.10343744437 1.22302661778
0.915214011775 1.94520552552 1.23294995197
0.926242371566 1.78717453716 1.24463326961
1.6804045958 1.62940294554 1.26292972285
2.19138895909 1.47197416277 1.26999282167
100 1.31270070559 1.28337733113
100 1.15334213046 1.29888547674
100 1.06959632337 1.34027413174
1.64213577972 1.04729544171 1.41765385342
1.45046087303 1.06633653181 1.38054804767
1.28088631911 1.13466368569 1.21998287151
1.37285658401 1.24805116209 1.09056742227
1.37193621007 1.35134379354 1.00021577706
1.22899569261 1.22645102909 0.928977816378
1.21260096208 1.26336801031 0.92341260675
1.21632547376 1.12174232478 0.845815125996
1.23256348217 1.19282083428 0.783005120122
1.23296972302 1.59397674406 0.782705378945
1.21832282925 1.9600620031 0.78399945276
1.20563591305 2.042133922 0.81261133794
1.09800883325 2.3925583382 0.916661154914
1.0871526734 1.90262639689 0.916802856003
1.07139986223 1.77943614964 0.947282817115
1.04973856111 1.84579218708 0.950598321998
1.03948579194 1.91211757956 0.976182983878
1.01171842645 1.76981400314 0.990500025777
0.992100060002 1.8353570022 1.25970542586
0.978151352202 1.69310015408 2.28126409683
0.952265560003 1.72910888069 100
0.94964740753 1.57173326832 100
0.917171975776 1.41480231337 100
0.893426426212 1.25848258933 100
0.887383237717 1.10278084587 100
0.865276701201 1.01903255634 100
0.900199181419 0.999801645573 100
0.995622099428 0.993402270196 1.71350124636
1.1626895707 1.05346423324 1.69706133598
1.04732645397 1.29980058391 2.09642465053
1.0479441432 1.23617341434 2.08669951623
0.951153918475 1.27770550891 1.85185422217
0.861724687897 1.13439783451 1.61542995228
0.856945008103 1.23844567658 1.83580456755
0.805168341855 1.54211709529 2.28758547447
0.778223779049 1.40953277882 1.77733349803
0.763517059001 1.48211027677 1.51116045708
0.764142648484 1.34210583862 1.50260878605
0.741355516151 1.41237581924 1.27638972467
0.72950577329 1.48495257434 1.27259867705
0.725599301277 1.34241455098 1.2886551743
0.705161430858 1.41439242678 1.2954536947
0.69632722094 1.27263894885 1.30867459474
0.687482849859 1.34395865535 1.32181702932
0.669655785798 1.20309935333 1.3303444897
0.658242857425 1.24533342552 1.34567204407
0.651651387921 1.31787078308 1.35978274856
0.632272785534 1.17541966333 1.36782252808
0.925185689831 100 1.21414397085
0.932361774472 2.43289633103 1.13124691109
1.00106458762 2.29231237372 1.06300854175
1.01341891338 2.14209570672 1.05891131691
1.07699357793 1.9908354192 0.985012322853
1.14733464911 1.84044775839 0.99308898348
1.15800878466 1.68893546029 1.15075010066
1.22288995725 1.53434292159 1.15856453265
1.29357476449 1.38083109764 1.4072940539
1.30304492842 1.2288089994 1.882531624
1.36886703477 1.078907344 2.13124138946
1.44440631416 1.0308192871 1.9200712384
1.44790495475 0.988967242129 1.71928311095
1.47934763755 0.956793806305 1.53231784025
1.29330445242 0.991625849156 1.36758278887
1.1281327821 0.965040853296 1.3719153222
1.12632225521 1.04594216356 1.37414321282
0.987979840954 1.01680920574 1.37373125917
0.889981152962 1.14126374125 1.37108266717
0.88965628013 1.31664556225 1.48313671039
0.85013358632 1.66547103364 1.951262888
0.837883103758 1.72871617424 1.43632806667
0.842052888009 1.58930949672 1.42433901812
0.823001214912 1.66382638724 1.19505583109
0.813868922235 1.52307905495 1.18762322334
0.813741952482 1.59645443051 1.20145571669
0.796932420056 1.67157652105 1.20402582217
0.790363694394 1.52922706256 1.21346997766
0.785936500488 100 1.22425024325
0.77145130434 100 1.22861201204
0.767610182323 100 1.2396909472
0.758603840781 100 1.2475359443
0.746616029488 100 1.25361857569
0.752132187079 100 1.2662624032
0.733156594793 2.30983279288 1.27468034991
0.719884080888 2.15080387645 1.2801493603
0.727936823274 1.99182829165 1.29205344869
0.955296190944 1.83291991544 1.29828310773
1.21534565844 1.67409788661 1.30538354088
1.72910962338 1.51538935461 1.3187724175
100 1.32514634869 1.32533005737
100 1.16685828856 1.33182045002
2.31074675706 1.08402363327 1.35040833429
1.85567815418 1.06536559681 1.40524488511
1.43213505357 1.03999824741 1.49953816135
1.24470778172 1.07812340525 1.51297690417
1.43333331724 0.991445791642 1.50999565573
1.63677850318 0.962436453975 1.51630119873
1.6430764445 0.93231859882 1.51788710746
1.45425612716 0.954001782355 1.30234429655
1.28720299863 1.03562097979 1.1308164766
1.28653512173 1.16222298779 0.990412980686
1.38280228341 1.13580073935 0.891981615581
1.85809731763 1.50632458437 0.853567280048
100 1.97097521165 0.858805479046
100 2.03201222277 0.867382296999
1.26960991691 1.89250516034 0.884195824747
1.25553412873 1.96429794427 0.893259237764
0.992519587068 1.82307879528 0.903357028509
0.988640461651 1.89395293452 0.922552968613
0.968949569325 1.75327520962 0.927691457005
0.957703423295 1.82361353142 0.940147990069
0.950246812224 1.68362621951 0.961261596897
0.932478358279 1.75339713448 0.96280572923
0.923548256496 1.82512583258 0.977422543448
0.890319693745 1.8853193312 1.01387192756
0.88221761448 2.49091116028 1.01354468301
0.877524383501 100 1.03367009374
0.857061246249 2.4598497134 1.03833743207
0.841547373974 100 1.0552952614
0.834959117654 100 1.07630540262
0.813476232035 100 1.08227133145
0.797368718018 100 1.09885873142
0.791353364694 2.40112252058 1.11985449043
0.771854003032 2.24727496141 1.12317681012
0.775047086158 2.08942652763 1.14015642062
0.996937895432 1.93084860472 1.15267066473
1.00695741807 1.77221313882 1.16436252022
1.51721806208 1.61368067048 1.18315909506
2.26991660814 1.45532132165 1.19254073767
100 1.29720602722 1.20611288139
100 1.13943795847 1.2264941326
100 1.06871778162 1.22739651762
1.70994209262 1.04749465764 1.34370446649
1.51630429268 1.01575007723 1.45998144543
1.3420026563 1.04947746318 1.3156806419
1.34110923742 1.13672700459 1.04318963468
1.42098368056 1.25985501442 1.04123155454
1.4118904375 1.346351944 0.960964684832
1.40841367032 1.3741938361 0.896483281004
1.23404188772 1.23258088397 0.840107340169
1.23269046587 1.279137391 0.831084973371
1.29579101842 1.13456795736 0.767130403398
1.26625117145 1.26485867111 0.766353552551
1.2789487102 1.57718967282 0.731676104255
1.27911060146 1.44276475922 0.720889463419
1.28766823309 1.54449134745 0.729822785048
1.28647060308 1.40817278037 0.714962828116
1.29070795961 1.45797324716 0.70990477217
1.29834386194 1.55918894875 0.714831658406
1.29743270037 1.42161785158 0.70278739599
1.30269214423 1.47184283722 0.699608705725
1.31060159834 1.55070099272 0.703518614109
1.19234730034 2.07824226364 0.82712293904
1.18760168623 1.78992220321 0.827987636117
1.15042678092 1.85817388906 0.875771878367
1.13461334536 1.72028679467 0.883724862234
1.0903224223 1.77338426941 0.926644453375
1.08371727269 1.63182376082 0.977918615105
1.03362963529 1.68486395053 0.982949812995
0.991007153328 1.5426686883 1.02780785441
0.981848628226 1.59630580371 1.07997376683
0.932876798696 1.45354777576 1.08284055646
0.892326059612 1.50787647338 1.12917046058
0.880066409088 1.36450214456 1.14227519105
0.832485053573 1.41960703013 1.18313257491
0.833587934441 1.27554895392 1.23067746624
0.778402937712 1.33152955504 1.24123875838
0.732603358015 1.18670904798 1.28373120253
0.728288513224 1.32537742425 1.28942343099
0.714251527282 100 1.28596605228
0.723890185314 2.44706139015 1.28391869584
0.727930384464 100 1.27777725675
0.72999745713 100 1.27036672428
0.743312561263 2.35921904433 1.26945161017
0.742429991757 2.19993765499 1.26025661492
0.748277491081 2.06615080022 1.25639417633
0.755804777221 1.91196880544 1.25243699447
1.00612025921 1.75372796343 1.24389216248
1.2711226778 1.59469443751 1.24201769573
2.28880146035 1.43552641686 1.23460930622
100 1.2763643952 1.22771068274
100 1.11725076265 1.22752294714
100 1.04567181033 1.22086441264
1.69432105142 1.01416484096 1.25207842862
1.26853478931 1.01693711592 1.44010609614
1.26840191682 0.992026477872 1.3919412919
1.26987385282 0.971385280635 1.4462244571
1.47391994812 0.91739835249 1.35013990093
1.4801802105 0.88892555597 1.35364708191
1.29163230445 0.880480138621 1.18413656886
1.29265425649 0.938961589216 1.02201133025
1.34231149135 1.0460277699 0.896181697117
1.34162376403 1.18579633629 0.894790890769
2.03644181149 1.35395621189 0.816864765066
2.26228815112 1.47571393373 0.792515590646
1.50810172147 1.55899927373 0.797235705799
1.24239091157 1.42022290734 0.774689110955
1.23822793879 1.49252764664 0.762941592006
1.00579442553 1.56654399047 0.762350543928
1.00899004703 1.42369200061 0.742419399972
1.02025383443 1.49703476099 0.733459435254
1.03412947937 1.35497879637 0.728276820332
1.03938645945 1.42766061032 0.710778380594
1.05261046228 1.28652185208 0.720903168831
1.06294139447 1.35846529333 0.694667354926
1.07030441475 1.432648424 0.6798442307
1.08536756904 1.28947852172 0.685589835223
1.0923498333 1.36303006632 0.661590068916
1.10169956478 1.2207356891 0.649718018499
1.11848996011 1.2935742264 0.650637013941
1.12230787465 1.15228045655 0.629128890739
1.13082027562 1.30353206397 100
1.13298927946 1.90280156554 0.637490404488
1.0938305184 1.77181953811 0.677256084872
1.05703718507 1.80344757217 0.725242197872
1.0470682308 1.66180192148 0.723335065647
1.0084820559 1.74269534839 0.764346844683
1.0051506654 1.60453247677 0.771486641736
0.960815992892 1.66419170386 0.806953034276
0.924668931812 1.5212770147 0.852205387577
0.917772398824 1.58041408895 0.855454148499
0.874820092348 1.43699796012 0.893344156474
0.836444493676 1.46746503361 0.937711817877
0.832171548604 1.32436971833 0.94362726539
0.787392967049 1.38349713315 0.980392524987
0.752536428436 1.24003108158 1.0250618458
0.744722754016 1.29959622457 1.02825657591
0.701498091691 1.15571404294 1.06679804665
0.701226748343 1.2969058098 1.06955365213
0.68810571179 1.62417404178 1.0628680167
0.70044717661 1.71839263976 1.05550876561
0.725666636717 1.80741010695 1.04655536011
0.717336105735 1.66691900438 1.03268979455
0.733894478266 1.75378489043 1.02684570541
0.740643186499 1.84106446772 1.01404372561
0.748754253143 1.70107858061 1.00213980706
0.767774890267 1.78757629161 1.00011142154
0.769920114146 1.8745539564 0.981969964093
0.780810429458 1.82943975635 0.972147762072
0.802070422734 1.82154035205 0.966622765907
0.799978385024 1.76091294694 0.95037276125
0.813424861875 1.83285052198 0.942773189234
0.824851362117 1.69259943253 0.933519877442
0.833193674517 1.73577740965 0.917601909939
0.845558171847 1.80845574396 0.909213121007
0.867461602513 1.6672049442 0.901562488019
0.863710719228 1.73931131227 0.88630283034
0.878384750178 1.59885437095 0.880349124762
0.887207785371 1.67033211292 0.868625798667
0.89677766574 1.71501613461 0.853396320201
0.910404348567 1.57350568656 0.846657833493
0.920826969701 1.64579966791 0.836560833901
0.927680309819 1.50511383655 0.822448046674
0.943410458633 1.57675191937 0.825528098664
0.949978578678 1.65036046262 0.80381960372
0.959132102037 1.50789606635 0.792161193255
0.976818082093 1.58092888558 0.79116685001
0.97977515188 1.43925965066 0.771609317147
0.991080762383 1.51165356128 0.762614567915
0.942400325089 1.7904101859 0.818036222909
0.930064915009 1.76794357086 0.81994941965
0.924708181923 1.66022655572 0.84330242207
0.89903338644 1.70701644352 0.853612571443
0.88187198185 1.56575711943 0.870395780699
0.871095405751 1.63335019579 0.896776324305
0.84681966833 1.49146546573 0.90373667965
0.848822534887 1.55853927386 0.923208504742
0.817144325269 1.41700963629 0.951442538734
0.795174853406 1.48370985586 0.954833158959
0.793495817377 1.34261953614 0.976504431573
0.763635540588 1.40891107647 0.991155834906
0.744308759132 1.26831703965 1.00656339208
0.741360739513 1.30578938824 1.03043317898
0.709726708074 1.37407486014 1.05905258733
0.689319167738 1.23116868234 1.06117436719
0.68595096778 1.29911413373 1.08388943044
0.65786037305 1.17913337142 1.09268762498
0.656763667 2.42485535919 1.10280782507
0.661127627526 1.90560575743 1.10786577072
0.696816510393 1.77635379348 1.07645420004
0.701862855569 1.81251018215 1.04868784631
0.725830636641 1.87711238333 1.04313569273
0.760882493427 1.73490496691 1.01052241868
0.764131555865 1.79911275208 0.985896766965
1.03952652649 1.65695913307 0.97706568029
1.55707244219 1.72104264467 0.946095188819
100 1.5790114766 0.923763525136
100 1.62592073955 0.911258922796
100 1.46978395354 0.882178192071
100 1.31168058404 0.881977015367
100 1.1525181633 0.845772781196
100 1.06882064631 0.832920650188
100 1.04932406585 0.832597145243
1.71240173255 1.05105792946 0.881786551412
1.51244305198 1.11592496707 1.1464254441
1.52138261049 1.21227314345 1.18628781391
1.51226924736 1.27251127446 1.06881117239
1.50660993934 1.13828274457 0.961319150092
1.50825205377 1.2377538419 0.954089998286
1.49598296651 1.30640261349 0.876480373933
1.488977069 1.17270025002 0.816868035178
1.49021574975 1.30088185883 0.816080889665
1.47729961774 1.60900795296 0.786587183751
1.46974548208 1.69594985649 0.780287508409
1.22407146957 1.55744096739 0.786015878971
1.22409885057 1.60867508008 0.78492011759
1.22095273807 1.68840668508 0.779051758782
1.22453038714 1.76915896137 0.783699656557
1.22374246392 1.62739922154 0.781518061023
1.22222651627 1.70738087212 0.778188206651
1.22742026109 1.56702035322 0.78537512606
1.11552784953 2.02059670098 0.888851580006
1.10595053738 2.04799103243 0.894738377557
1.10294957613 1.91830416102 0.913820259069
1.07476938063 1.9871037648 0.943994949793
1.05073554958 1.81798200882 0.949531749038
1.0473789931 1.88371428444 0.970211510968
1.01821295002 1.74296295538 0.999234341754
0.996972017427 1.80833094051 1.00310371586
0.990410431445 1.66792037766 1.0258807434
0.962892569779 1.73295821409 1.04047436006
0.943848303663 1.59293697018 1.05728663766
0.933719956734 1.65761497269 1.08192486237
0.908060700067 1.72492458349 1.093042044
0.909926343065 1.58230612551 1.1119806851
0.877984953165 1.62065038549 1.138102218
0.853180675289 1.50142341075 1.14703295917
0.852404494303 100 1.16716661086
0.821393991002 100 1.19491605252
0.800257051319 100 1.20003524031
0.79489795335 100 1.2226272122
0.765924634694 100 1.2367106305
0.747567937808 2.43675574717 1.25429277468
0.737781393597 2.27851497963 1.27847032546
0.713476028901 2.14573063984 1.28652412508
0.712749836154 1.99287282908 1.30745658281
0.930325545978 1.83622125951 1.32300131337
1.68365227904 0.973659373307 1.65799301641
1.30146217289 1.02323629828 1.27932999057
1.15093897002 0.997219501482 1.12044259842
1.15295044281 1.08478863225 0.99457809243
1.0488569302 1.39552442145 0.914576270953
1.04599996525 1.33191551571 0.914616822351
1.05218438801 1.39869269516 0.860171083111
1.10129291196 1.23122140801 0.811742306048
1.15391450584 1.2833368095 0.806882360397
1.16107403062 1.14057379907 0.751832384139
1.17082477495 1.27424368321 0.752917833175
1.17449119094 1.61612992162 0.723690956277
1.17182860331 1.70924646026 0.725857453086
1.17222354419 1.57000907451 0.735768309484
1.16392804667 1.65285603222 0.731405407973
1.16271358232 1.73621295449 0.738344024646
1.16188992244 1.56708820689 0.750633606527
1.15281842822 1.64919296502 0.742982130297
1.15085289167 1.73215852896 0.748683584364
1.14934624 1.59150800767 0.755659895467
1.14195852832 1.67362852668 0.753078373753
1.14175790978 1.75659797512 0.761381337462
1.1371897497 1.61592565157 0.763708923274
1.13152233834 1.69806364183 0.763823444962
1.13311712406 1.78103730757 0.774642194819
1.12543273779 1.64034392183 0.772447627145
1.12152168645 1.72249887438 0.775190326842
1.12355652288 1.8054766412 0.788437751681
1.36402290243 1.66476281231 0.781852878346
1.37707222388 1.71884798797 0.786041809831
2.13973538423 1.62485029569 0.798042455738
100 1.46565205189 0.793564864134
100 1.30649387124 0.797719035232
100 1.14739242568 0.806940535656
100 1.07581923171 0.804801192949
1.8549073778 1.0443072322 0.857553570419
1.6472895634 1.0866841934 0.969744107163
1.62965599971 1.18447619811 1.22883680566
2.24566615701 1.47114250792 1.11107626029
2.45821618281 1.59257528612 1.03313624989
2.20660323616 1.46442052274 0.975790524297
1.72267579004 1.51653408509 0.973431601903
1.46819845972 1.37245675573 0.910409433775
1.45542384156 1.23149501778 0.855287495858
1.28663229241 1.27732051734 0.850851174971
1.27390772445 1.13511292822 0.788306506929
1.27410521527 1.26323945542 0.789647876386
1.13085027554 100 0.873202068802
1.12661091783 2.27005230423 0.87424519693
1.11735272501 2.11332523328 0.884638697182
1.11322445065 2.18813523013 0.902987382397
1.09861863918 2.04793615589 0.901850190469
1.08813344625 2.09240865708 0.913291551186
1.08519729669 2.16604125358 0.930541436479
1.0697064247 2.02478236942 0.931232963713
1.06187646021 2.0611970482 1.1913660531
1.05600450078 1.87004463583 1.20784873024
1.04088325837 1.71076498771 2.47687526096
1.03228841744 1.55150235278 100
1.02759255676 1.39226258133 100
1.01294640645 1.23305453378 100
1.00641200677 1.07389232025 100
1.00053589626 0.99019595136 100
1.02738151298 0.97080433019 2.246278777
1.10788182944 0.994299546912 1.61889593104
1.21951674758 1.05589544257 1.61914131495
1.07139141395 1.02652463612 1.61582040861
1.07072111298 1.15346216778 1.63540127663
0.918255237475 1.5070586988 100
0.919108472866 1.62991486457 100
0.899017586558 1.71255361143 100
0.88997662088 1.78813583887 2.42514002053
0.885256552542 1.6472520118 1.9120796385
0.869244323118 1.72001804214 1.40063236505
0.862690554465 1.57950960371 1.39263162903
0.853825911979 1.65153535461 1.16224027105
0.840031230895 1.72539975254 1.16002075486
0.844089432379 1.5832366476 1.17380223292
0.822864514295 1.65651936082 1.18097813093
0.811449869415 1.51517062939 1.18947806933
0.80420099878 1.55943238593 1.20403947397
0.792655755639 1.63346572111 1.2124680643
0.831975435449 2.08495762498 1.18816858861
0.822153277212 1.79819621824 1.18869391278
0.81498655587 1.67308848051 1.18653425482
0.811578023665 1.72681434194 1.18903971779
0.816429270245 1.60930853434 1.195833757
0.806837553316 1.69170734943 1.19333901472
0.808102060487 1.77172268735 1.20794901528
0.805813379856 1.63030671606 1.45044987046
0.799366953054 1.70869743811 1.71751841891
0.803179305942 1.56837788313 100
0.796482737485 1.44222492468 100
0.792505565265 1.28288329275 100
0.798871133009 1.123547237 100
0.790609883786 1.03986209529 100
0.837970201964 1.02076584306 1.96809921162
0.947318650935 1.03220285724 1.72618662976
1.14968150727 1.22992753705 1.9137416039
1.05341883795 1.38724842802 100
1.00322562741 1.7065611856 100
0.970422073821 1.5553056962 100
0.964730308497 1.61672020312 100
0.926951783576 1.4770983036 2.17852336456
0.897844329831 1.53628181331 1.67736389764
0.888382312547 1.59892595669 1.41746964808
0.852294123596 1.45529869948 1.41217992938
0.855757776787 1.51807242468 1.20615535091
0.813320862215 1.3459605721 1.20658313903
0.777572254788 1.43142076585 1.24054399452
0.778809372731 1.29215797479 1.24825397893
0.736470353368 1.35618014309 1.27933649923
0.701268385618 1.18390109771 1.31623179904
0.699191780132 1.32717424824 1.31561952466
0.694672987685 2.39204776495 1.30534923491
0.714955725699 2.26014554474 1.29682578102
0.722963950564 2.32942392489 1.28009102281
0.735821270364 2.39917404387 1.26576945726
0.759808607789 2.25819187301 1.25711797777
0.763028941819 2.32731461779 1.23786064679
0.778806589915 2.18671312837 1.22526956396
1.05141485484 2.0488775247 1.21369326908
1.05399706735 1.89047773591 1.196027584
2.32882929739 1.70063533276 1.1806599188
100 1.54269612163 1.17025626304
100 1.38508301134 1.15181996772
100 1.22792158378 1.14057474376
100 1.07141062519 1.12697395823
100 1.0000008513 1.1226601615
2.32509041114 0.968948996374 1.16442709779
1.46815779237 0.961205699025 1.25475347671
1.46702856418 0.999125788439 1.13400541643
1.48504651855 1.08849562586 1.00759691979
1.69533978095 1.21433412655 0.925943746089
1.90701954192 1.32729073948 0.925151089406
1.64869870067 1.36446273253 0.86735947897
1.39555091391 1.22488501104 0.817772151843
1.39181967613 1.27573393705 0.814126830385
1.20626188691 1.13311207166 0.756832491814
1.202296491 1.26561245663 0.758520278455
1.18211365718 1.58123108401 0.729569095273
1.1696121167 1.67070393897 0.725439749493
1.17137109974 1.53134886056 0.734326252323
1.16622535988 1.61310316795 0.732926523538
0.912212204954 1.70753734965 0.98615952695
0.904908742078 1.4420063329 1.00629643345
0.903571320548 1.2885080294 1.0595498736
0.841783471601 1.36339494316 1.07277662614
0.791560191572 1.22396870269 1.12125177102
0.782324118898 1.27658798163 1.17748743079
0.723986867086 1.1309779522 1.18813146823
0.723081249495 100 1.19926299775
0.692548040713 100 1.20472019218
0.69083003695 100 1.20499193177
0.698086660937 2.45867599335 1.20958196379
0.690081702522 2.49186064379 1.20503868836
0.694849733736 2.33363409727 1.20784361325
0.693963528138 2.17454834631 1.20778853361
0.939734073902 2.01529905067 1.20545858518
0.950607387863 1.85602721734 1.2099352697
1.96308735102 1.69676389838 1.20696931893
100 1.53751940859 1.2062876847
100 1.37830185509 1.21238010606
100 1.21912211962 1.2065498592
100 1.05999730846 1.20751542318
100 0.98848380347 1.20690650014
2.19738987321 0.957632855961 1.29391184585
1.40404505376 0.964385191336 1.25352211206
1.40462387298 1.0220542078 1.10228164278
1.47675914959 1.11875745583 0.987010967842
1.47482844421 1.4397284534 0.919719802111
1.68778762785 1.55127567869 0.893847981855
1.42603993183 1.6268731404 0.882727301102
1.4145302691 1.4857872132 0.852861184681
1.20957930219 1.55092164963 0.852257030821
1.20045737044 1.40769188747 0.815116323164
1.21238195146 1.47237511272 0.78765581482
1.23692490367 1.32909250517 0.783412061918
1.26829803635 1.36479038167 0.7473896375
1.28140168048 1.22230765134 0.718736316735
1.39239581008 0.930011147723 0.623624157351
1.38025174401 1.34434488323 0.623624157351
1.37500624173 1.97945324107 0.643096985394
1.36864608272 2.09357860787 0.698453054613
1.32397738631 2.05871215707 0.691587556113
1.28533738734 2.11364391836 0.738717878573
1.27338410326 1.97228224215 0.747349591801
1.22984050118 2.02693967471 0.786115617459
1.19284096502 1.88512909169 0.834740646127
1.17820476579 1.94013877825 0.839965719417
1.13598593444 1.79797497882 0.881075366059
1.13098618708 1.85339518855 0.930808990821
1.08321924843 1.71085294415 0.933328155421
1.04257290191 1.76672407934 0.976293830016
1.0351665432 1.62376948637 0.990562991686
0.98848404351 1.68013693849 1.02722921215
0.949732470702 1.5367312175 1.07170182309
0.939440844751 1.59364746365 1.08284625603
0.894078731978 1.44974627874 1.12153358135
0.896271970693 1.30943085026 1.16725287042
0.84384106335 1.36282488191 1.17577051278
0.800120093774 1.22209077782 1.21614744365
0.800040404962 100 1.26291450232
0.74841545307 100 1.26919497873
0.703311519827 2.42659946377 1.31244883923
0.70754785462 2.27108445346 1.35803992378
0.653067416799 2.11614202653 1.3661184707
0.609696862967 1.95976113738 1.40711292067
0.611271589396 1.80201917485 1.42314558092
0.803081415836 1.61314938257 1.46309699267
1.05266081409 1.4562295765 1.50338017446
1.30641091901 1.32487738008 1.51656796806
1.80065932869 1.17419385783 1.55386896136
1.81935802623 1.06262836472 1.59682430324
1.37894533089 1.02157725632 1.66396127283
1.38042359551 1.00129525205 1.67216168707
1.59589615801 0.97185549609 1.67614763272
1.82005130634 0.950345654184 1.63014025226
1.82480248364 0.928271706665 1.67833048732
1.405280759 0.898524564104 1.44517770762
1.40760262715 0.872397238336 1.44323693192
1.6119579968 0.843381462017 1.43987025967
1.61775593352 0.813327112892 1.43401838689
1.42713361928 0.839103181298 1.23137146645
1.25836431386 0.816180444364 1.04836409921
1.12478267495 0.903508531711 0.893950709347
1.12475419212 1.03442906049 0.780975172514
1.29108254488 1.19419195239 0.726172155039
2.28446906436 1.84120228666 0.725939509841
100 1.49081068065 0.751923866394
100 1.38454166152 0.811378424151
1.19043400377 1.40544254761 0.880805986364
0.888012162642 1.264845245 0.88087386335
0.876604276121 1.30819452596 0.943481706202
0.812889889418 1.16528048426 0.956434365723
0.812636229465 1.24442975908 1.01003064294
0.758129189303 1.3518018639 1.0099690413
0.724095200034 1.21777160964 1.05151187103
0.720260388876 1.28126977261 1.05414708549
0.677930499909 1.13761491592 1.09004736705
0.679436845477 1.28079536127 1.0923974381
0.666599856386 1.61099185356 1.08472118204
0.680269165163 1.70642970707 1.0750283737
0.70730552805 1.79658912475 1.06471527583
0.701444571627 1.65644495319 1.04855584973
0.719619510955 1.7444700652 1.04031257372
0.72914073413 1.8328391707 1.0261493498
0.738741458565 1.82922409167 1.01193408121
0.75771480114 1.75333710967 1.00036247925
0.785052317796 1.84111547294 0.987472533456
0.777880977186 1.80063880433 0.972399866863
0.797201155117 1.87163167858 0.970608397079
0.804029616894 1.73037950895 0.949102525448
0.815567249404 1.80088137268 0.936171225304
0.837103498753 1.66027831882 0.930820834885
0.839742767517 1.7302427619 0.911210092111
0.853824156929 1.59035614478 0.900603271762
0.877365079171 1.65973010831 0.891397117799
0.876177399316 1.73120807918 0.873857361814
0.892578328382 1.58936017646 0.877081257389
0.903745373418 1.66033086991 0.85238773177
0.913247164371 1.51915279989 0.837116583466
0.931767719083 1.5895639347 0.836600694796
0.939011402995 1.44913160517 0.81385225785
0.950877783986 1.51892268671 0.801071962134
0.969972113511 1.56219862946 0.79935307197
0.975643289279 1.4428058166 0.775613893396
0.989021333365 1.5188028743 0.765618319485
1.00369500671 1.3778716772 0.756717512912
1.01151766175 1.44899047675 0.738495255218
1.02757414683 1.30794772171 0.744073288579
1.0385501561 1.37824577977 0.717409318009
1.04861355188 1.45096086309 0.701865490576
1.06653685265 1.30760283376 0.703113915583
1.07409012153 1.37978362529 0.678648488626
1.08620235775 1.23712652006 0.666081371306
1.10585150642 1.30870738253 0.662502857858
1.11021078248 1.16684893189 0.640520183254
1.11904351996 1.31731665331 0.642267003393
1.12280940094 1.88066473769 0.65038939537
1.08329107047 1.74705076763 0.68552417933
1.05124115243 1.80744099934 0.733140094062
1.04308420352 1.63847328255 0.730619536448
1.00352198914 1.71972294175 0.766309991404
0.973698612882 1.58281413229 0.776306567033
0.961333026851 1.6428590189 0.807021543059
0.92488213196 1.5014073429 0.847764218855
0.924140877371 1.56073396652 0.853533619066
0.955067681868 1.46559311237 0.795341413402
0.962884847316 1.62064061708 0.795518351642
0.965851108559 1.49598749377 0.784804464441
0.979552483116 1.57383208419 0.788690783973
0.980136051852 1.43445134069 0.771733513284
0.987572892566 1.50840479937 0.7654183737
0.999125951907 1.58405168681 0.764499354547
0.999104067149 1.46496334659 0.750968091873
1.01114770118 1.54481165807 0.758424087451
1.01419045174 1.4046042651 0.739280022551
1.02033439861 1.47937911017 0.731233946398
1.03393639834 1.55576673207 0.733681496793
1.03408926974 1.41321326471 0.717107370406
1.04222929544 1.48885467043 0.711885929031
1.05551955884 1.31956305573 0.713421689579
1.05668132782 1.3938317063 0.695353647745
1.06436441176 1.49307818401 0.692350717406
1.07138648784 1.35476620902 0.686121481636
1.07544984523 1.43158014393 0.674743366924
1.08727903703 1.28989513736 0.683524108757
1.09070039283 1.36503640466 0.663042203447
1.09681435055 1.22441514485 0.654704235415
1.10861147232 1.2703831011 100
1.11114878809 1.36906494023 0.640772163838
1.1186064768 1.23141796392 0.635321619224
1.12870282966 1.3076986954 0.634125972744
1.13324767876 1.35612114682 0.619026358609
1.39023898907 1.2130464658 0.612492590132
1.40077272386 1.28903503856 0.613762671675
2.17021767382 1.14714295496 0.597017719069
1.44929623487 1.51737829222 0.612264088101
1.459809353 1.55898914541 0.612115820039
1.71634109438 1.41636182489 0.657795235603
2.21511959188 1.22944415922 0.711321950183
100 1.0973101184 0.706577388875
2.25562789694 1.03052241428 0.766568934088
1.62000308876 1.03916590438 0.880947635808
1.61759116903 1.12350110846 1.04257858256
1.61753190828 1.25723600142 1.10423408755
2.0219581182 1.36165292343 1.01216018422
1.77701289681 1.20918734909 0.933597292051
1.53194309667 1.21327336913 0.930292701088
1.5276998401 1.09364261861 0.844085649156
1.52947961963 1.21312044637 0.784895019967
1.5174039326 1.29919717489 0.764623036179
1.5104297436 1.39569225117 0.753522720255
1.29495676089 1.2613168602 0.735078175341
1.28664908619 1.32919690127 0.730785639279
1.29781052827 1.39912817016 0.703961032984
1.3141799691 1.25576527314 100
1.33681696161 1.32509730082 0.679345954738
1.34526238712 1.1821333506 0.655021230557
1.17157246053 1.91150426631 0.829206215044
1.16499317332 1.82394919761 0.853243065823
1.13056472432 1.86861133316 0.901443880404
1.11439447531 1.7300955357 0.901970813567
1.07538262543 1.78586694603 0.943918746341
1.06869378923 1.64476011179 0.956351676211
1.02382211708 1.70039573748 0.991817517707
0.986623739817 1.55889913949 1.03533033995
0.977109187671 1.61486057464 1.04461377349
0.933548758584 1.47303270191 1.08211925426
0.898549359796 1.52937497196 1.1268775465
0.885663046219 1.38718441969 1.13351415861
0.843702087718 1.44395273892 1.17272409115
0.805512753346 1.27331738411 1.21774024119
0.794801774391 1.32970016547 1.22627224746
0.751197208761 1.18745069484 1.26464393245
0.749387272194 1.32469497859 1.2694417315
0.73627818493 1.64623771585 1.26452492896
0.747193066751 2.42296794808 1.25832242315
0.757303455151 2.28501292978 1.25048437729
0.761291458959 2.35731065297 1.23874189117
0.776138684855 2.43067561523 1.23367541525
0.781457486127 2.29012834002 1.22265048245
0.788301891214 2.36296560228 1.21253886729
0.805506276828 2.22307924368 1.2092571089
0.806463849085 2.29540845201 1.19518952456
0.815913329035 2.19688804997 1.18677726124
1.25691740906 1.29669648219 1.69412539128
1.26101823796 1.23514127444 1.77682054708
1.27707056541 1.10904694921 1.86168898659
1.70179373483 1.00611793886 1.8484247379
2.14536237383 0.969512298649 1.84401828335
1.9296535303 0.939090546476 1.83418217395
1.52168607281 0.929829771513 1.4214282094
1.34632370442 0.974036822314 1.23481944441
1.20083520733 0.94483172399 1.07216362348
1.09841029213 1.20431298179 0.943589896551
1.1003710855 1.36189940777 0.861759647798
1.09775779597 1.53868138746 0.838066530667
1.31044064297 1.88652616352 0.837866925735
1.05821289754 1.75692817774 0.838977374518
1.06054485417 1.840442249 0.847768565836
1.05242287219 1.92308772869 0.843043379883
1.05213548988 1.78250964514 0.848127735132
1.05090703646 1.86398317222 0.852568855954
1.04468968699 1.94626013693 0.850326056068
1.04632615401 1.805462731 0.857721567255
1.04175132817 1.88699506519 0.858062619558
1.03741960391 1.96932853954 0.858181285542
1.04100107888 1.8284023555 0.867830045027
1.03303751151 1.91000819907 0.864146986268
1.03062216015 1.99239997652 0.866588488034
1.03323746468 1.85134918702 0.875506140442
1.02477652228 1.93302661202 0.870809003799
1.02430678261 2.01547516861 0.875531748322
1.02354183965 1.87430312174 0.880413043897
1.01697939369 1.9560501502 0.878035520055
1.01848243919 1.81629254109 0.884994815335
1.01428589792 1.89726390313 0.885902364769
1.00965687234 1.979078635 0.885812719476
1.01626314089 1.83917768022 0.894961200356
1.25526339552 1.92023128561 0.891963350182
1.26874934902 1.79371078106 0.894126232485
2.03250527221 1.63436729791 0.90333778589
100 1.47502793445 0.898584432515
100 1.31569418746 0.902961245776
100 1.15636837858 0.908257858961
100 1.08472187141 0.908687008496
1.97602485331 1.05361539237 0.959089322323
1.55719970278 1.07210446328 1.06380896513
1.55626221762 1.12385095203 1.1586958252
1.55454577097 1.22015732527 1.15580521139
1.75188217077 1.30874314072 1.05034639374
1.51660355735 1.18258570018 0.961257544511
1.50930576745 1.28860737975 0.956681741127
1.71527713429 1.56441791472 0.897564229997
1.45375948919 1.42960344672 0.85788716129
1.15606789362 1.43378314809 0.859568561729
1.15211506656 100 0.85151934103
1.15742239481 2.45231574543 0.850187834727
1.15874298569 100 0.841878091072
1.16513068898 100 0.843531314726
1.16663672598 2.47864236662 0.837335216784
1.16892547421 100 0.831970991202
1.17620375792 100 0.831860685459
1.17858837999 2.4303710278 0.826569352155
1.18023010093 2.27101946559 0.820180872628
1.18881785635 2.11166389491 0.828153067161
1.18825661421 1.95230831733 1.06385703612
1.19159617926 1.7929537468 1.07937853188
1.20020498717 1.63360068581 2.08811095273
1.19834990777 1.47424966657 100
1.20335527436 1.31490144021 100
1.20901244214 1.15555716395 100
1.21027087686 1.08387766241 100
1.25014508942 1.05255047682 1.80577223726
1.45256752486 1.06391104135 1.41135492806
1.45615445783 1.0327047896 1.60202045539
1.45604572994 1.00451969851 1.60651920791
1.40078508981 0.974670822775 1.61004555744
1.22424847094 1.03548572525 1.43343537299
1.0716978282 1.00625728492 1.4350442718
1.06884572869 1.10559632806 1.43400909828
0.947645007047 1.07605426837 1.43030154085
0.947254532737 1.23384488667 1.51505707999
0.874878628645 1.35901334996 1.73839314428
0.829517147371 1.431112281 1.48479180578
0.832691357365 1.26239590742 1.47936712992
0.777843128855 1.31932661114 1.28405857224
0.732285787646 1.17564604862 1.28348496817
0.730023301027 1.31405238854 1.28911197187
0.715259690731 1.63715563093 1.28553990637
0.724767853135 1.72954084789 1.28084380143
0.733314424488 1.59096342425 1.27456325999
0.735547978891 1.6756631077 1.26448580356
0.818136756409 2.36060808872 1.21387605454
0.796242797303 1.83813678709 1.21235400091
0.79706568064 1.71485554145 1.20329018268
0.807988996184 1.77392201408 1.19887441255
0.810528032821 1.88089679281 1.19226648025
0.815807533879 1.74575184804 1.18619948655
0.831692863839 1.83007630977 1.18498606403
0.826794020218 1.9143695281 1.17376190646
0.835152119932 1.99911629402 1.18175199174
0.843359630273 1.85819563128 1.41461156867
0.844310647176 1.75161533889 1.42791020303
0.854989621527 1.59298153218 2.18852339278
0.859016550377 1.43450894395 100
0.862417925614 1.27625793937 100
0.875306382349 1.11832265389 100
0.873269989838 1.03575573429 100
0.915051752198 1.01681588961 1.90098309939
1.15863499701 1.06740826635 1.67594603298
1.18384582874 1.17535325694 1.67606014755
1.06922319106 1.30083604049 2.07313383696
0.98931654099 1.38492374041 2.27456807491
0.9226997821 1.25429905824 2.02950175649
0.910889952741 1.29279080241 1.55798199071
0.837071273447 1.14958110987 1.54025236899
0.834726138542 1.27063894725 1.53701979865
0.78826278428 1.38274433206 1.76323074008
0.769325566345 1.46252245307 1.50064307272
0.775138772625 1.53702210073 1.49469616899
0.749709951083 1.39511727644 1.26636073737
0.735022156412 1.46711203485 1.26540222779
0.736437438379 1.32559050484 1.28162157047
0.713240297126 1.39685904817 1.28927039252
0.701380543165 1.25620632343 1.30065546023
0.698175745312 1.32674171829 1.31661802998
0.677380685738 100 1.32330721997
0.668648170358 100 1.33628272719
0.660334223236 100 1.34939474774
0.644518287822 100 1.35612956373
0.646111172916 100 1.3723672342
0.622551599478 2.36004307263 1.37913290306
0.612160801021 2.20092481887 1.39118032612
0.607531976743 2.04165048345 1.40569873356
0.835685199926 1.85049211116 1.4163610208
0.848058461958 1.69119917924 1.42786748146
1.60319326276 1.53191954751 1.44326270188
2.35846331092 1.37265892262 1.45048504446
100 1.213425012 1.46344015134
100 1.05422996757 1.47624354759
100 0.982672078266 1.48176705341
1.78344946848 0.951750372618 1.58727198789
1.39097748484 0.954148894889 1.36592017045
1.22846302143 1.02221410481 1.04601193799
1.22781639113 1.13002489806 1.0441487022
1.33835625719 1.27447773674 0.934860578911
1.33257368291 1.40127638265 0.873276181028
1.32984353484 1.27597619632 0.833878314043
1.13691900089 1.33246507225 0.824089859141
1.1346141805 1.19158560863 0.777180846287
1.14665851533 1.28523258311 0.777025471439
1.02043277038 2.06271067931 0.888758085739
1.02458774386 1.64370363044 0.891342391226
0.986533940395 1.7198979053 0.926327128639
0.957244389338 1.58077310318 0.937823929302
0.943097333758 1.64133026881 0.968820595809
0.904355296717 1.4706603799 1.00782102926
0.905227464605 1.55315695996 1.01710687441
0.861729112284 1.41490847356 1.04955872258
0.827778905316 100 1.09025973413
0.822319812179 100 1.09551026452
0.780764370547 100 1.13053243534
0.749364960099 100 1.14565193814
0.740021284578 100 1.17525930598
0.700236262139 2.43721512865 1.2118236915
0.706672489263 2.28077544171 1.22396180212
0.659675773865 2.09362978918 1.25799724742
0.869308358999 1.96225641131 1.29333636968
0.86507943179 1.8088840585 1.30300575733
1.1231636367 1.65163257159 1.33596246721
1.62252628826 1.49380558997 1.35368850678
2.12191477419 1.33613405111 1.3822208122
100 1.17887440585 1.41675106075
2.39904231491 1.10843378845 1.42187434386
1.52676929699 1.0998140414 1.53986295504
1.33929355993 1.07536627788 1.48915113273
1.52835688339 1.04696310823 1.65762681309
1.73141621277 1.01715664476 1.56185539024
1.73642919828 0.991241200912 1.65836689321
1.54602836764 0.96480294461 1.4647680901
1.37652464768 1.00127759134 1.12573710432
1.2384416663 1.08762669433 0.999314309467
1.23749215236 1.21195511681 0.917429676436
1.22501878314 1.32534226929 0.9153094838
1.20885397569 1.39009900367 0.856720693275
1.20971924934 1.2489118246 0.860357818873
1.26577868719 1.30094097102 0.795850137216
1.27576788252 1.15560692909 0.740019219923
1.28735092499 1.27993652538 0.738436919823
1.34910101881 1.10386877704 0.667545108933
1.34697665453 1.31310842204 0.667545108933
1.33308405318 1.91493971359 0.669167653469
1.31595624204 2.02088021944 0.704045004654
1.29009536205 2.11764204915 0.709930837607
1.27799710072 1.97839549915 0.737581574557
1.24714689311 2.07253824183 0.776020354775
1.22290794455 2.15327656328 0.77762255895
1.20781178147 2.01189841484 0.807972990183
1.17850292779 2.07379195916 0.847921268592
1.17255054965 1.9324684679 0.8462070902
1.13792337907 1.99430298164 0.878721568661
1.11035587318 1.85304268146 0.88991552434
1.10159300963 1.9148138484 0.915406905582
1.06839258125 1.77362255661 0.949745062902
1.04280581869 1.83532473002 0.957300964732
1.03086001809 1.6942089273 0.985091883837
0.999294073578 1.75583563617 1.02098610231
0.99825806945 1.61480275336 1.02539430552
0.960401188343 1.67634657065 1.05516590358
0.930724143294 1.53540519156 1.07009255257
0.92670888997 1.5968575377 1.09406337756
0.890281616038 1.45601765078 1.12555630519
0.866724286235 100 1.13383503987
0.854470009412 100 1.16165643958
0.823072475969 100 1.17826861463
0.822918008091 100 1.20150592191
0.783907984685 2.39881789105 1.23167433648
0.754892771681 2.24090831088 1.24519527162
0.754406162802 2.05170385994 1.27319937546
0.713300100741 1.89434357111 1.30261097092
0.92947491935 1.706001686 1.3373668585
0.928393098769 1.54959152768 1.34494509305
1.18948873503 1.39385037871 1.37367341144
1.69236300226 1.23617826385 1.38924726236
2.19524657131 1.07706110489 1.41352194718
1.97465613491 1.00555188092 1.44452301522
1.53698071558 0.944467711825 1.50853284319
1.33540113692 0.957455764014 1.32437705014
1.15425149553 1.03358882323 1.15130847797
1.15268104627 1.01316097678 1.00866934862
1.23172245233 1.12970357091 0.906500018411
1.46454779132 1.47580452247 0.858185189083
1.44721200366 1.59814235406 0.859341757872
1.1827854567 1.68120556729 0.836797549494
1.17709888115 1.54113097713 0.825722287533
0.948751337975 1.61326290955 0.819125209211
0.949764306899 1.47171557155 0.800492517365
0.964533850833 1.54285705322 0.792147979199
0.976909555292 1.40199100706 0.780998001427
0.985310209977 1.47248027325 0.764770365235
1.00209473836 1.54521503603 0.767761566684
1.01078158303 1.40225119045 0.743357486449
1.02139302813 1.4744510811 0.729778295187
1.04003918201 1.33219773271 0.728436407095
1.04528761602 1.40380020037 0.706273485142
1.0579558646 1.26234932174 0.695628020974
1.07347161763 1.33328040635 0.689493105471
1.08036676827 1.19274198874 0.669838397766
1.08837020873 1.56384924957 0.670272312541
1.09096325397 1.87248079899 0.681079741308
1.05161905424 1.73748820473 0.7177234126
1.01997238089 1.79905002299 0.766179446097
1.00903952716 1.65642486872 0.759946737358
0.971168556371 1.71677304855 0.800141242909
0.971513155441 1.57365203268 0.808455044037
0.927154569996 1.63417522988 0.840881875006
0.891052301303 1.49081801818 0.882692522946
0.888710597965 1.55159471922 0.887515409783
0.845536520383 1.40798924553 0.922233310488
0.811565020922 1.46905007399 0.965362756795
0.806000036998 1.32516980668 0.967279032277
0.764270040945 1.38654832981 1.0038956917
0.732913107509 1.24236169373 1.01709854313
0.723412662514 1.30409765432 1.04758490824
0.683480554175 1.15956733819 1.08579884201
0.681975152528 1.32142031965 1.08610976744
0.676535687442 1.66197670389 1.07386144605
0.697244392125 1.75866128227 1.07102299526
0.699766711499 1.62032827555 1.0519587203
0.7125794414 1.70820444319 1.04079474856
0.736766914958 1.79624391168 1.03294936822
0.734462320238 1.88459958678 1.01577919107
0.750133743214 1.74439291651 1.00673015411
0.776427975562 1.8320180517 0.995323534995
0.770003246608 1.79924026895 0.980088545295
0.78819502388 1.87010309806 0.979725811183
0.795890671052 1.72949407458 0.958109554178
0.806222666668 1.79982675866 0.944964889584
0.826693103608 1.6599296684 0.941120027029
0.830103133078 1.72968197578 0.92135674899
0.843032822463 1.80141789754 0.910474098268
0.865569719332 1.65968543525 0.902867934128
0.865054809358 1.73091567591 0.885122567821
0.880359614787 1.5898567174 0.876690871815
0.892338465992 1.66053134384 0.8650164552
0.90065964433 1.52021894837 0.849473378809
0.918140034543 1.59028055446 0.850527840061
0.92610753682 1.66246573012 0.827620558674
0.936843170836 1.52018182174 0.814485999038
0.956320320184 1.59184153168 0.811565886559
0.935706707692 1.38428080998 0.832435110166
0.932717560972 1.7507519569 0.81988515248
0.937966802763 1.62665999004 0.8219776227
0.934782301799 1.70820805419 0.815219166493
0.940785400463 1.78838617245 0.819015984324
0.940041321104 1.64749404714 0.815061140216
0.939425787937 1.72627750237 0.811234680585
0.947526491451 1.80615685301 0.817508756769
0.94307633509 1.66452929391 0.809221948892
0.944579477666 1.74366310129 0.807843191558
0.951695475698 1.60334654892 0.813042156837
0.946632692933 1.68165825173 0.803965025534
0.950231290427 1.76115463425 0.805058288973
0.953653997386 1.62019974163 0.805958017768
0.950701701422 1.69890850131 0.799299156192
0.956372508007 1.77875514317 0.802886558861
0.95613146332 1.63718477116 0.799436591484
0.95527679357 1.71627662881 0.795234730952
0.962993769516 1.57604482306 0.801332990356
0.959123850674 1.65429758634 0.793491750784
0.96035073641 1.7337590936 0.791781011947
0.967854741101 1.5928763204 0.797696352099
0.962626357451 1.67153426251 0.788136543161
0.965915668606 1.75135247167 0.788946019567
0.969786008114 1.60984235787 0.790481296927
0.966633438553 1.68889100734 0.783383060904
0.971963156779 1.54874706585 0.786736442555
0.972227730802 1.62693872646 0.783837769422
0.971355574281 1.67793702152 0.77886210815
1.22512391217 1.53782912449 0.781090880608
1.22692622564 1.6159957092 0.780212478199
1.495279599 1.695406358 0.774441747061
100 1.52691186822 0.775559277239
100 1.43329839351 0.774337042201
100 1.27903248313 0.770584727075
100 1.12069100081 0.777999230259
100 1.04917479793 0.770065834523
1.98657834759 1.01804375464 0.818284774852
1.57350512586 1.03435635787 0.929390900072
1.57652885401 1.11339300005 1.08679395407
1.77836654657 1.37666525154 1.04075519287
1.97791912429 1.46833220756 0.977345957988
1.72854248216 1.33675222032 0.969006262528
1.47553833257 1.35305749739 0.900606979739
1.46942535661 1.23260052611 0.842777199364
1.30705357259 1.2823929643 0.831499097463
1.29776467562 1.13755930683 0.765503818292
1.29933728087 1.26796954316 0.763206414185
1.28834865727 1.36252013417 0.727231232184
1.28523932263 1.44441062105 0.714789650761
1.2951494808 1.5225010341 0.724739689254
1.22779901494 1.36234637108 0.78897575747
1.22411559067 1.73533558153 0.778692214194
1.22418357515 1.61164274756 0.784154556348
1.21775708507 1.66846680201 0.782975592882
1.21622512327 1.7508678384 0.788167516538
1.21519385299 1.83372470124 0.794119262351
1.20854061533 1.69267183617 0.791474200261
1.20867982929 1.77465950361 0.799187662037
1.20474734052 1.8574561103 0.800714306063
1.19972347898 1.71630642226 0.800622869131
1.19848324766 1.77015503607 0.807677304744
1.19484967799 1.87546910476 0.80849831969
1.19124842546 1.73882593056 0.810326162786
1.19362916532 1.82179031264 0.821074550517
1.18500971546 1.90482941148 0.815830233167
1.18332156738 1.76356697524 0.820677255761
1.1826948518 1.84569365982 0.827019378327
1.17574576558 1.90008330502 0.825767460792
1.17519791808 1.78163201336 0.831039812406
1.17221881932 1.86824941994 0.833778075435
1.16686382452 1.72928434233 0.833377019881
1.1702588417 1.83325388012 0.84407337711
1.16159271394 1.92027496547 0.838928247413
1.16047299937 1.78060307045 0.844427084651
1.15892791017 1.86252746362 0.849347637485
1.1524482957 1.94510510468 0.847552264512
1.15309405402 1.80444067721 0.855433441464
1.1484916661 1.88623639049 0.856216549854
1.14372446198 1.96881271671 0.856803719368
0.857230498006 1.6203429465 1.61038020159
100 1.58746716859 1.73834932844
0.822214025687 1.43502878385 1.75795771152
0.834429680261 1.33911409495 1.89604483731
1.03640038133 1.19283459863 1.72041248225
1.23049195349 1.12776470281 1.71269519513
1.87055022515 1.05690413701 1.87439911978
2.33068934192 1.02434581053 1.87757714254
2.33691296738 0.993500963471 1.87771817964
1.67908831476 0.968957386581 1.87216836432
1.68169119193 0.943790066007 1.65956744203
1.68518801474 0.922824798823 1.45473343595
1.49295325524 0.956741392266 1.264184177
1.17954220757 1.04786422589 1.09679380665
1.0865750425 1.17446115542 0.961397052931
1.08946870468 1.15380674185 0.870966415139
1.08879504763 1.50981210092 0.837308182517
1.07738282577 1.65757991864 0.836270653525
1.06498363131 1.7502883278 0.831858452364
1.07258321393 1.83253641016 0.836460072126
1.06920144803 1.69135274038 0.826393051948
1.07358389254 1.77000703519 0.826317198529
1.07764380912 1.62945220828 0.826402130196
1.07719831416 1.67907471258 0.81898674206
1.08074294534 1.75766563357 0.817842201564
1.08624449067 1.61699831111 0.81987365223
1.08404142711 1.69480011801 0.811103547264
1.08940959863 1.77382637285 0.812424678063
1.09168193372 1.6324181375 0.810182188968
1.09133240424 1.71069314389 0.803809421668
1.09849538748 1.57057748421 0.807634026674
1.10017087873 1.61997932783 0.803518978123
1.09902471904 1.69831018288 0.795989669384
1.10534312832 1.55810560107 0.798752206207
1.10587838582 1.63559989986 0.794099370807
1.10701548678 1.73725041701 0.790546165416
1.113187448 1.60020896238 0.793943393024
1.11073716202 1.67951496011 0.784492926915
1.12631849296 1.53935695312 0.785613098172
1.36793309014 1.61696755585 0.783949294451
1.88820580503 1.6673642058 0.776986917959
100 1.52693320881 0.776994283905
100 1.41401609439 0.777361794875
100 1.25545948385 0.769332433616
100 1.09673993568 0.771946995437
100 1.02547072675 0.766540252337
2.13039096959 0.994707357256 0.805954372253
1.70886787883 1.04686405296 0.909824933795
1.6944555362 1.1568504488 1.16351422294
2.31024264909 1.29140722192 1.04812241888
100 1.57405925323 0.977793596817
2.48771489698 1.44253460844 0.927076614739
1.99553353401 1.49914914702 0.885953825421
1.14810598122 1.483701258 0.871127580794
1.1459805953 1.63199363382 0.869626191412
1.15014853481 1.50773238397 0.849873216862
1.16658857028 1.58009972992 0.852016663984
1.17820222677 100 0.826538059592
1.18968469014 100 0.81088880368
1.20812543125 100 0.808727536965
1.21667881611 100 0.78535761568
1.22999807661 100 0.772342673313
1.24732264028 100 0.7658786379
1.2556939446 2.47949051408 0.744756283534
1.27070846847 2.32074639469 0.752926026112
1.28498381506 2.16209325745 0.723432552212
1.29517618635 2.00355272375 0.954832239689
1.311776848 1.84515382095 0.95440948076
1.32318055363 1.68693644616 1.4626276677
1.33508394478 1.52895695438 1.97282131188
1.3501490065 1.39650687979 2.47947591825
1.35875283241 1.2442296945 100
1.37427207653 1.08851212295 100
1.37836118424 1.01774027936 100
1.46659519421 0.9863958688 1.90949732006
1.31379059571 1.01643950472 1.51563117412
1.1499112455 0.989431254083 1.35050323915
1.14679453943 1.06747595633 1.35327066076
1.00982936425 1.03814767125 1.3534076848
1.00909673307 1.16186495448 1.35150663598
0.909487912831 1.13381671725 1.46249788607
0.909326467915 1.30363188349 1.46251421188
0.866368977134 1.62440268611 1.68532309133
0.849827679452 1.70938176113 1.4196317764
0.844736297197 1.57095202423 1.41084296846
0.838783242187 1.61632598115 1.17687778261
0.8228383216 1.6908095918 1.17769561411
0.816848064087 1.54922150317 1.18795459275
0.765133005462 1.94481018579 1.23642666971
0.767417127502 1.63628434271 1.23564670309
0.765820027795 1.50815085531 1.2368478649
0.769780598299 1.58845290323 1.24218698777
0.760699695777 1.66818237148 1.23954787433
0.762447602236 1.52725915404 1.24359012089
0.761488495799 1.60571046083 1.2459672298
0.755043117605 1.68537492283 1.24500606698
0.758814489444 1.53960801542 1.25033737285
0.753933624177 1.62171018071 1.250267845
0.750018949771 1.48203614648 1.50079684964
0.757098939499 1.56015696435 1.50803808549
0.746856800177 1.63948064211 2.02508057171
0.745666404748 1.49841187099 100
0.750009859051 1.39135965126 100
0.740470498548 1.23202413961 100
0.741969919291 1.07269640426 100
0.738127294634 1.00102247325 100
0.774577185392 0.969665624111 2.03702013056
0.877765753687 0.995875724414 1.82708514001
1.03144450987 1.08372418479 1.79751850646
0.991569994524 1.21912947251 2.39336578433
0.939568759464 1.49194226727 100
0.930744528072 1.38425239651 100
0.879623702592 1.44201828558 2.3079545703
0.876331015784 1.2997295157 2.05151912945
0.818124515338 1.35214939271 1.56301506534
0.768958760837 1.20752254294 1.54592696402
0.763039917598 1.26101624781 1.37537384975
0.705631723387 1.11524663947 1.35810961869
0.706473983917 1.2526165596 1.35584034286
0.678129255179 1.57484558513 1.33749921813
0.675442851222 1.44039614887 1.32511838246
0.686467829212 1.52333065367 1.32814945214
0.680045741446 1.60610085618 1.32214114898
0.681974443035 1.46411135916 1.32042273109
100 100 1.32264360835
0.683699483704 100 1.31631211225
0.692536054552 100 1.31829301397
0.689768114924 100 1.31413262613
0.689718583533 100 1.31137859424
0.701512844994 100 1.3148964351
0.693581367706 2.35859040532 1.30794353335
0.696434018745 2.19924594 1.30671727355
0.704174835642 2.03990275308 1.30812092299
0.948085595904 1.88056253444 1.30212565436
1.46473666544 1.68935975336 1.30061459347
2.2277642456 1.55553242595 1.30151513446
100 1.40130146592 1.29665512716
100 1.24300479404 1.29849872955
100 1.08390868468 1.29455895771
100 1.00030297529 1.2979024767
1.93281343508 0.981269848844 1.34003475855
1.51685632268 0.967327634274 1.42736935448
1.33320067294 1.0180867835 1.09675418491
1.33110275067 1.115586283 1.0937808222
1.39403030017 1.24605546566 0.974275106406
1.38539704685 1.36236560825 0.896114776758
1.37528976056 1.23324130374 0.837617323935
1.21375923888 1.25250970359 0.826305928681
1.0605031218 1.67956371276 0.836405205668
1.06376029683 1.84147462476 0.84842261816
1.04996490617 1.91580507187 0.846011933652
1.04310296399 2.00376416269 0.856210826108
1.03615366891 1.97386543188 0.864006225521
1.02590085749 1.97709901676 0.869860565317
1.02394250531 1.91224673869 0.88589393614
1.00910868952 2.14998795155 0.887645438085
1.00102523559 2.00996241546 0.896681012233
0.99690951688 2.09542916996 0.914785453607
0.982584825759 2.18136187378 0.912767048038
0.976617542598 2.04179585391 0.924030515541
0.968920256936 2.1270487433 0.933897546819
0.956560590395 2.2127819019 0.938480803153
0.952824292201 2.2989429101 0.951836162338
0.941354719154 2.1587511311 0.957900967514
0.931078675779 2.24428850928 0.964734652972
0.931237604879 2.12068859667 0.980060474712
1.16406428946 1.96203852415 0.982522618963
1.17177081487 1.80351408671 0.991487015073
1.68462375377 1.64515160282 1.00493784122
2.44287484908 1.48700281644 1.0077145894
100 1.29761636346 1.01867505496
100 1.13883816924 1.03342196492
100 1.06722454737 1.03266002872
1.87727295684 1.03575108953 1.07434044603
1.47390585323 1.02881314188 1.16437847629
1.47397429001 1.05736494947 1.20299918629
1.50282511383 1.27941386509 1.07879555047
1.49245409928 1.38442741307 0.991279163363
1.47712144891 1.25477039509 0.985369724171
1.4752927844 1.11594112152 0.896434216942
1.47936039046 1.22534556374 0.832466263241
1.47168352369 1.50919107733 0.805034783039
1.27207550301 1.3735941344 0.794666384417
1.25440018589 1.44067433771 0.765725822023
1.33089067385 1.16474666036 0.685571257548
1.31799593221 1.59685572286 0.685571257548
1.30855610839 1.89645448126 0.708803408922
1.29379991009 1.9576167307 0.771101848635
1.23839393876 1.8185120513 0.777200093782
1.22812666394 1.86489765231 0.83364890699
1.16741286413 1.72166887762 0.898760105853
1.10886035543 1.7395886648 0.906892570745
1.10107826743 1.59582659475 0.96199757316
1.03865071435 1.45531364999 1.02474957572
0.983312424244 1.49859236079 1.03232504785
0.973640375114 1.35704982161 1.08894116376
0.911871133042 1.40173122746 1.15220514323
0.858328793745 1.25904239416 1.15820189947
0.846210507288 1.3053272883 1.21599377198
0.785313285393 1.1613564891 1.2316769274
0.78296679957 1.2910987609 1.24479630778
0.752142363616 1.60228940819 1.25516232601
0.744535423477 1.4687980606 1.25574582354
0.750896887168 1.57034646906 1.26344182062
0.739308638255 1.43506806648 1.26111466367
0.739616597244 1.51302542437 1.26592769168
0.738343578305 1.59168156291 1.26982766703
0.730234592794 1.45066470864 1.26977842471
0.73334824092 1.52828939803 1.27619767575
0.727260391525 100 1.2773312924
0.721836226268 100 1.27886742132
0.730803059786 100 1.28681239738
0.716795474665 100 1.28523294451
0.714125994938 100 1.28832865424
0.718362533764 2.38847956745 1.29523987366
0.706970753923 2.2292240391 1.29352080116
0.707126653517 2.06998498376 1.29815381831
0.706498497232 1.91076652 1.30234487529
0.947813118955 1.75157426318 1.30218745952
0.954652697972 1.61788857561 1.30989480881
1.71669293771 1.46385268977 1.30804607331
2.47991848161 1.30580367103 1.31157150647
100 1.17246456029 1.3153021095
100 1.1049854596 1.31872145368
1.36011110529 1.07593661034 1.35907411232
1.1547234018 1.06308822646 1.44084549381
1.15531038116 1.03542889234 1.50386200871
1.157591299 1.013315722 1.55920761752
1.36072702594 0.990873927298 1.45831972595
1.7981057376 0.960881985272 1.46001698515
1.8040191458 0.929543585955 1.45920246192
1.38502169411 0.90392770259 1.46541718905
1.38708554957 0.878644075587 1.27238251426
1.39181826282 0.850238866887 1.26599988736
1.21776421059 0.872955372611 1.08713066536
1.21822129543 0.960980753411 0.938371762387
1.30489714104 1.09150784803 0.832976270817
1.53887284106 1.27268667908 0.793059553241
2.49177899238 1.60908271077 0.796886675944
1.72652747321 1.70103703882 0.792451708129
1.20930404479 1.78512065265 0.800787925857
1.20446009988 1.64556056022 0.799334964335
0.951082600038 1.72661007278 0.799981472274
0.951963670189 1.78021385247 0.80717096218
0.948019631828 1.86260802881 0.807628486457
0.942667795239 1.69351508543 0.807480141391
0.943586462272 1.77480236846 0.813627426434
0.944080231901 1.82856241864 0.820244323866
0.935314001104 1.68843530803 0.815204343907
0.93529927409 1.7694584616 0.820221402413
0.934705345737 1.85137796211 0.824551438925
0.928016400083 1.7110835644 0.821984188493
0.930162592657 1.79220310772 0.829384465319
0.925810533307 1.87419973555 0.829478065619
0.921238871049 1.73374294463 0.829350559486
0.925572593565 1.81495596956 0.839081935315
0.917409758154 1.89702751676 0.835013238096
0.91499297089 1.75641301869 0.837287976412
0.918738955989 1.83771674208 0.846258153959
0.909516709945 1.91986109146 0.841144942793
0.90928965493 1.77909337781 0.845780362095
0.909236026909 1.86048513494 0.850575964978
0.902144715397 1.94270025536 0.847860237488
0.904139191101 1.80178363358 0.85481117617
0.900224136837 1.88326087175 0.855494325984
0.895306645739 1.76386648156 0.855145373827
0.899551075672 1.82448341677 0.864363542407
0.891062710717 1.92867422351 0.859557910443
0.888958377269 1.77849064308 0.862955337195
0.893458473496 1.84703115146 0.872300100145
0.88373332003 1.92880077912 0.867092252575
0.883280278241 1.78904864621 0.871366455951
0.88379919607 1.86990889201 0.876600674007
0.876282081753 1.73298465736 0.873745113971
0.878115851564 1.81064025038 0.880272826623
0.874663596031 1.88945693695 0.881511077387
0.869379938484 1.74845107814 0.880953702255
0.873529738884 1.82654820229 0.889687994706
0.866046472739 1.68677949192 0.886994696353
0.863039468494 1.76408336413 0.888702873752
0.868177692852 1.84260761724 0.898287679548
0.857963310173 1.7021113044 0.893040797328
0.855125457995 1.7517644578 0.895845669337
0.860655240505 1.83033631867 0.905682026207
0.850843691412 1.6897641887 0.900943978295
0.849111762554 1.76757552633 0.903874120298
0.852121718764 1.84656197394 0.911230837304
0.843051081297 1.70528485631 0.90730254941
0.843686246326 1.78354484874 0.912415392218
0.84259151676 1.64351776355 0.915908513476
0.836721820753 1.74349460174 0.914300933796
0.959590167315 1.30433299714 0.860458927772
0.953812063487 1.44568776038 0.817959300974
0.954514130058 1.32125431412 0.820797199684
0.985892901201 1.41000342112 0.783344242938
0.990890880554 1.27372842753 0.759704004627
1.01821633533 1.33800851395 0.750485063765
1.03355725651 1.19684850938 0.718516069169
1.05198685419 1.29916511935 0.719459973241
1.04673398146 1.66355028297 0.703334194632
1.0457166217 1.76264115473 0.719373437151
1.03224069559 1.62453944547 0.719947210673
1.02408648412 1.71058495103 0.72866512307
1.02053144373 1.79678591916 0.748570395868
1.00627848337 1.65666379188 0.744177711369
1.00018284247 1.7419572913 0.755701345583
0.993127769191 1.82782346577 0.765857032309
0.980789865445 1.91418739825 0.769219441801
0.976856364029 1.77330044958 0.783271175654
0.966138896229 1.85893665113 0.788799936729
0.955824643214 1.79995720025 0.794919692651
0.956448018624 1.8047355061 0.811321682926
0.940131321196 1.75546945533 0.810216225273
0.935112428475 1.83305840296 0.821955523899
0.926849410782 1.69420985984 0.830393081367
0.915077694738 1.94938038653 0.835073651933
0.912339132235 2.03537264518 0.849618498507
0.899932107332 1.89547141349 0.853745157891
0.890363383978 1.98071061783 0.860967623599
0.890098374999 2.06646235324 0.877669448381
0.873510820077 2.1526661298 0.877821489008
0.866268306363 2.01208205192 0.887403958795
0.862083597727 2.09763093929 0.899871508917
0.84762287839 2.18364156896 0.902530189552
0.852916955288 2.06577254334 0.915553096516
1.08341892244 1.95244781838 0.919025356125
1.09376379935 1.79411242549 0.927060748381
1.85208942797 1.63496500412 0.944013348455
2.3661449651 1.4756576371 0.943278407937
100 1.31632135366 0.953614529332
100 1.15698359346 0.964364979521
100 1.07329425426 0.968545325769
1.79826025742 1.05419118166 1.01723120851
1.40008160242 1.08179171504 1.25883727899
1.39880604763 1.15198719799 1.27020873133
1.43583761748 1.25422316456 1.13954339624
1.42339091351 1.3250418834 1.04300142865
1.4138407939 1.36806237634 0.961078533968
1.27783731219 1.224896572 0.959673961272
1.26460001477 1.0838119303 0.871601702295
