100 2.01556443707 1.0
100 2.21469976683 1.0002860248
100 2.19002243824 1.00133124521
100 2.17145028047 1.00262580478
100 2.12716307761 1.00748112869
100 2.07742462421 1.00251057007
100 2.03824802186 1.00033998746
100 2.1856047594 1.00159956007
100 2.10537352044 1.00526257987
100 2.15956024108 1.00368437654
1.52153189748 2.01996562884 1.00001283856
1.25366374625 2.09925800144 1.00457592479
1.25161561247 2.17939120445 1.00201878295
1.00036622618 2.03910881464 1.00036622618
1.00690332808 2.11856543651 1.00690332808
1.00086732239 2.19888676615 1.00086732239
1.00014631175 2.03043509635 1.00014631175
1.00578767076 2.10979002774 1.00578767076
1.00133133453 2.19002089664 1.00133133453
1.00076096031 2.04953403882 1.00076096031
1.0044868118 2.15166263923 1.0044868118
1.00000040113 2.01634216497 1.00000040113
1.00427364603 2.09642351875 1.00427364603
1.00221593405 2.1766947858 1.00221593405
1.01519119403 1.71987394482 1.00105824192
1.01217046902 1.86986934334 0.99510831438
1.01655977074 1.95584684948 0.98708961628
1.02143374797 2.03869175518 0.980017516975
1.03384584852 1.89871864009 0.980416593958
1.03213959006 1.99715780642 0.96786964778
1.04232006815 1.86074037808 0.966299318142
1.04641667645 1.93682861798 0.957856216655
1.05092024976 1.79690940247 0.949738070216
1.06324089367 1.87146359313 0.950311956864
1.06394912897 1.9473883684 0.937889549241
1.0704034723 1.80618933629 0.931906145215
1.08131116406 1.88147945508 0.931104457468
1.0820051971 1.7412418928 0.918418798785
1.09031611301 1.81584487511 0.914649237555
1.09790603962 1.89188118205 0.910070233392
1.10053482222 1.75051729771 0.89946829232
1.11063435215 1.8259128784 0.898003972238
1.11501360731 1.68553249159 0.889490849007
1.11951433891 1.76022500013 0.881071584497
1.13358924446 1.83638690584 0.882005016737
1.38245287089 1.69485015376 0.86939859729
1.65059497589 1.6951547895 0.863264081721
100 1.53586146241 0.8631984048
100 1.37658415931 0.849828030338
100 1.21732917 0.846082987802
100 1.05810656986 0.84195087067
100 0.986530809579 0.839394541205
2.13168841374 0.955577876605 0.892771795962
1.66872298005 0.956224766475 1.00490569729
1.66889130419 1.14677097337 1.11415923549
2.26977909006 1.27993630605 0.998848573165
2.2536889116 1.37278414419 0.920775360846
2.00739581362 1.23886118601 0.920711460644
1.7599961934 1.09966030267 0.841733503407
1.98395940268 1.21729726356 0.785662338353
2.4413805805 1.51295166111 0.769562818208
1.68753722501 1.37927491284 0.762962906867
1.42095005876 1.45198600342 0.745823130316
1.41304762188 1.52574031204 0.75259948662
0.812347929274 1.21134001768 1.09893405056
0.795994476484 1.12604058133 1.16382765531
0.788758409545 1.05733409256 1.17370470111
0.790911650695 1.21048763277 1.17753643344
0.730979701613 1.32360604596 1.18231494416
0.715423132081 1.49982410046 1.18499191021
0.752828408242 2.06804245826 1.17191336822
0.748371371243 1.93524263278 1.16503459855
0.784944224908 1.99862561559 1.12952708307
0.79378723867 1.85651984145 1.1012459315
0.821972330378 1.73918175962 1.08974188584
0.863666898383 1.8028130968 1.05847212117
0.862995155324 1.66360111082 1.05231612578
0.89754650855 1.72295692071 1.01507410576
0.909396567635 1.58291112458 0.985732380089
0.937098985141 1.64205602493 0.976317237104
0.973431738655 1.502022378 0.940623301608
0.981744969462 1.56111397141 0.913569474758
1.0116939505 1.62368154468 0.900543730245
1.29570709635 1.48017087623 0.866661612126
1.30460569425 1.54287295616 0.866193629023
100 1.39922844384 0.825046133805
100 1.46207993869 0.793328944654
100 1.31828687221 0.789560338048
100 1.38130523989 0.74990772661
100 1.23734633333 0.720817342269
100 1.10126107443 0.713062419773
100 1.01784324897 0.685792343404
2.42594612178 0.99512872064 0.728860112532
1.77226176381 1.01039628248 0.844152783089
1.7449784946 1.08686070635 1.00888446219
2.3455824548 1.37256549498 1.03040264163
100 1.47058277973 0.966477296501
2.30217862896 1.33842023786 0.955188843306
2.05301163293 1.20038599128 0.88779230071
1.57594607445 1.23911657049 0.887504238441
1.55951320663 1.09719665873 0.813030190339
1.55683344198 1.21882811232 0.761871372802
1.53651933404 1.52023166913 0.751531331355
1.51976045072 1.38670657267 0.744109902259
1.29513939456 1.46184493025 0.732460307243
1.27994238285 1.53772170246 0.738586631165
1.28442843622 1.39535495325 0.718593297129
1.2917388206 1.47024798285 0.709846314615
1.30463880754 1.32886219583 0.711368871825
1.06467127678 1.96230543946 0.95201453727
1.05739884095 1.67383550875 0.961541236318
1.00907828417 1.54248118725 1.00847555339
0.996011186555 1.40451706377 1.30913409666
0.940508534297 1.45073091149 1.32435116209
0.938859657248 1.30954868095 100
0.876614081365 1.35650345982 100
0.822495358652 1.21422249887 100
0.819149351641 1.26251422023 100
0.75731113996 1.11909766037 100
0.721657140698 1.25806201071 100
0.742039215881 1.16604748146 100
0.735467724933 1.10487413273 100
0.804355215773 1.07846218827 1.77393168038
0.933718697916 1.10450899277 1.72626635561
1.1046819049 1.31353149908 1.90575401389
1.08530244758 1.41015547209 2.2953976903
1.07997012922 1.28455524676 2.05893530805
0.987925548829 1.31263612375 1.81945327488
0.902151855931 1.16902183234 1.57991680037
0.896428332077 1.28070199861 1.79787701757
0.840070371079 1.38490808855 2.01615667939
0.807983131616 1.45749050998 1.51548197433
0.808499914136 1.31766933841 1.49666227087
0.769826945337 1.38086122486 1.29989627351
0.741387638523 1.23915010156 1.28187350756
0.737965448849 1.30186801817 1.28351722562
0.701040976454 1.16018093462 1.3147479254
0.693654931008 1.50963097031 1.3161322407
0.693574890391 1.88449056228 1.30643053271
0.71581488936 1.75593592463 1.3001146263
0.725078292475 1.84851350034 1.27751136205
0.739936519303 1.9620127744 1.26508588437
0.770085852688 2.05746492849 1.25069575932
0.768074309486 1.91799776751 1.23198526183
0.79021016058 2.00847271771 1.22535564587
0.802109121704 2.09902359028 1.20155872719
0.816486489445 2.18973832036 1.18457816504
0.840025153134 2.25229944594 1.17569809414
1.05023922602 2.10458451507 1.08597625593
1.04271145162 2.01453849699 1.01898108751
1.04222187185 1.8966136591 1.0306778459
1.08942184419 1.74861986621 1.21557970827
1.09504240259 1.59526689249 1.22838861449
1.13695235951 1.44168055677 1.72317955383
1.15241568457 1.28393367692 2.21802754999
1.18896704832 1.12580786031 2.47760669106
1.23506538174 1.04309265762 2.03904074256
1.31637374642 1.02469003639 1.61958748469
1.23579126054 1.03324864208 1.43047450836
1.23294559821 1.09475800388 1.42888534057
1.09379901921 1.19797620224 1.48011150551
0.990111190745 1.16876933208 1.48082068112
0.987854067501 1.30722938927 1.47907529942
0.918103952017 1.40345211022 1.46633459288
0.915245602415 1.26987694092 1.45711732251
0.842543587934 1.13097771484 1.30042648098
0.793606377315 1.44158425133 1.47196077244
0.787007121871 1.54924076321 1.47044473417
0.776739976908 1.63183642849 1.23996722526
0.766736002895 1.49095944336 1.23415525322
0.769222249924 1.56598537891 1.24761178018
0.751588511236 1.44701208414 1.24860333072
0.748281163274 1.52601823577 1.25899065508
0.739635298677 1.38582489469 1.26650008718
0.727924522171 100 1.27233234226
0.733959038883 100 1.28465106369
0.713705987202 100 1.28933725067
0.704762538411 100 1.29681862188
0.706202484226 100 1.30988721072
0.688389398495 2.36555123935 1.31262973671
0.682399916225 2.20670009155 1.32167349351
0.678909882328 2.04792839628 1.33195500084
0.913728480032 1.88925619589 1.33632781402
0.920950335609 1.73071085797 1.34687474617
1.67964549272 1.57233075984 1.35446381439
2.1897740525 1.43946890873 1.35964251966
100 1.2865995103 1.37153890632
100 1.09798368955 1.37740841565
100 1.0462343958 1.38808298511
1.41736822806 1.02373205032 1.52017819154
1.41879961391 1.00062555163 1.52455928817
1.42107309217 0.981255321618 1.52204866352
1.83284951973 0.953102842867 1.53338811994
1.83786087876 0.923015803662 1.53436870613
1.44445375049 0.944725101857 1.31210609579
1.27957471159 1.0258463738 1.13873630134
1.27994633682 1.00552261999 0.995461181714
1.38078186444 1.12401565956 0.893007544298
1.38071514588 1.29502085558 0.892762508266
1.84214462692 1.61993700276 0.851595014575
1.32840568473 1.7068660336 0.838336749188
1.31457140295 1.78632571459 0.836859803617
1.08125273117 1.64490025197 0.83146029322
1.07264221164 1.72147080344 0.822557378895
1.08291969737 1.58066177315 0.823656001864
1.08447243651 1.6563939616 0.813852034788
1.08929931522 1.53885115371 0.809696536933
1.09654943104 1.61865673957 0.807871832908
1.09790028828 1.69647132735 0.797118278919
1.10686465998 1.55515496911 0.79676781142
1.11407407241 1.60302617184 0.792181747782
1.11483263751 1.68024673968 0.780317702917
0.793650009807 100 1.16574960836
0.791124737087 1.02565904631 1.24624291268
0.72213148504 100 1.18906257213
0.727633379313 100 1.20084162898
0.684917926878 100 1.22711707305
0.653143517951 2.44842527347 1.24530812498
100 2.29172004128 1.26484798258
0.62200465144 2.1334571053 1.29101588031
0.840614266468 1.97459901178 1.30518086021
0.844241369715 1.78407534071 1.32953946806
1.34511980744 1.65081496009 1.35434226222
1.84890236873 1.49736209037 1.36583780817
2.35347818798 1.34004910928 1.38877348176
100 1.18220521613 1.41773118633
2.1721164315 1.09958229124 1.46037474417
1.53362664566 1.07901096251 1.53870340568
1.53631807847 1.04769286506 1.64880212354
1.73895567035 1.02231303212 1.55203953016
1.74315088094 0.998955483556 1.64973925963
1.54972978372 0.979066123797 1.46068515606
1.37666807815 1.01951624868 1.12772454225
1.23367977868 1.11242738914 1.00662045144
1.37509665499 1.41887165043 0.930974048501
1.37672548481 1.35487855269 0.929300717127
1.19328999713 1.42090685319 0.876217945205
1.18813287863 1.28123219448 0.877774373939
1.19983692697 1.35716849401 0.81890256911
1.24511597359 1.21752987438 0.772053020964
1.29734944784 1.27255714324 0.764943035893
1.30660901314 1.12728681607 0.709857918572
1.31650702993 1.26495688551 0.709976419684
1.32046764052 1.58744161664 0.684393380379
1.316985085 1.4535409226 0.684213932867
1.31974988016 1.53686144745 0.697491084194
1.31147672668 1.61997910072 0.689789431923
1.30947714473 1.47869077007 0.694096187941
1.30945066213 1.56065357912 0.702072171925
1.30269049318 1.64352706434 0.697461667209
1.30222864881 1.50207169033 0.704596210563
1.05192453211 1.691465684 0.964859487455
1.04292049316 1.4419154803 1.01924832654
1.03375520927 1.31518549623 1.10225188401
0.949689492938 1.35031660408 1.11257420669
0.949634051608 1.20488228969 1.19207809969
0.858899413451 1.06270713876 1.27710904612
0.779972436822 1.13248322007 1.28232896447
0.779040814295 1.31193245848 1.24388327338
0.761303742428 1.8835547672 1.23946611463
0.774072984211 1.75476119211 1.2321204548
0.784891445223 1.84369617024 1.22178642051
0.791635306883 2.34675662828 1.20850764827
0.808862968072 2.2062020466 1.20209892139
0.815004224711 2.27755116281 1.18826351415
0.824563216312 2.13751565604 1.17668779506
0.846493865082 2.23092869844 1.17130077169
0.843289859806 2.09553029682 1.15671729714
0.858643471153 2.16717779528 1.149500236
0.86751036332 2.23963682212 1.13739244288
0.875754755493 2.09837167433 1.12471995355
0.89207168876 2.0838202306 1.11453271027
0.90255584521 1.92447577656 1.1036072314
1.15999794183 1.76513344049 1.0901485997
1.42818852624 1.60579488257 1.08429385415
100 1.41459568803 1.069935721
100 1.28077252335 1.05776704157
100 1.12654916611 1.05430581522
100 1.05566681977 1.0441322076
1.62573700405 1.02463786898 1.08076981369
1.40785705401 1.03546994736 1.16873190585
1.37198084497 1.08582922929 1.28684803262
1.37040347801 1.17759916499 1.13990296162
1.77470364544 1.30373023562 1.02811539569
1.98347874256 1.39258437447 0.953450275572
1.73932679344 1.28399497645 0.953827692401
1.26173516019 1.33311090687 0.881830253268
1.24870545938 1.19001388668 0.818265792155
1.24878790484 1.31698662451 0.812767915756
1.23550474511 1.6235938866 0.780590457623
1.22993111234 1.51167317831 0.772728110067
0.996777146334 1.59305561562 0.771044234359
0.991812388604 1.47521823075 0.758463562561
1.00479496974 1.55514026738 0.764064227913
1.00674338335 1.41501242643 0.745790536168
1.01376013989 1.48964502455 0.738551918907
1.0263464841 1.56588849817 0.739045095111
1.02732242302 1.42335318576 0.723351773
1.03633406802 1.49885719357 0.718943348196
1.04538895961 1.35737272015 0.714684483907
1.05039036309 1.4037048461 0.700934528854
1.0590993468 1.50282944047 0.69908489868
1.06513393366 1.36450407166 0.690927458705
1.07003441191 1.44120485911 0.680476247897
1.0827247789 1.29948539408 0.687123643259
1.08841050837 1.34605760093 0.669214694599
1.09270064118 1.42242083524 0.65745800396
1.10451050418 1.27971283354 100
1.10836749889 1.35530175856 0.645619203978
1.11454414359 1.21375778897 0.636866425034
1.12806412764 1.28847453831 0.641219628615
1.12882206846 1.36517953675 0.622670496637
1.13681156534 1.22198843474 0.617142094117
1.1471858299 1.2979158318 0.616119876009
1.14974686146 1.15590236615 0.600442139392
1.15583848636 1.52616674707 0.617672535295
1.14500401898 1.7101436871 0.687939234796
1.14121699288 1.59912787212 0.67923352322
1.0752925558 1.64958669911 0.750143799746
1.01643246356 1.50649844376 0.751543183938
1.00579516305 1.36570653016 0.81429605019
0.940652444968 1.4071050544 0.885307639396
0.878529523526 1.23682069923 0.889249234194
0.871387544588 1.27892985931 0.950121987031
0.803847243885 1.13596175506 1.01836807665
0.806454450652 1.22014840914 1.01929648821
0.747090496363 1.32114769148 1.0230310875
0.708395401285 1.18680819809 1.06277733717
0.705257410434 1.33056804766 1.06282070166
0.699058188326 1.68271828428 1.05208283349
0.721201921317 1.78229055796 1.04791358224
0.719795755373 1.87292651626 1.03071406204
0.734231511361 1.73247800542 1.02164528069
0.759621662365 1.82012623052 1.01168107618
0.753518383383 1.80333666742 0.996492166326
0.770628993214 1.76805996746 0.989612118677
0.778931736825 1.85528472098 0.975937142955
0.788012582909 1.8042625176 0.962776127532
0.807482784112 1.87611591816 0.960294566508
0.811366130169 1.73478543061 0.940637938803
0.823121573074 1.80612225519 0.929660798846
0.84473584131 1.66548914494 0.9235356268
0.844562768687 1.73626055252 0.905834990904
0.85876964059 1.59639724336 0.897213128457
0.871378153417 1.66654741323 0.887164770667
0.8784352107 1.73870980696 0.871587749592
0.894892363857 1.59700229325 0.873980606011
0.903364828297 1.66862139047 0.851231744242
0.914771306476 1.49989542257 0.835248719059
0.93109732464 1.59300124879 0.83710279144
0.936215899154 1.45741029726 0.815767574185
0.947804074362 1.55128921249 0.808813774148
0.958893180557 1.62900563993 0.798059918049
0.966018762721 1.50979509157 0.785809454677
0.985622208974 1.58749906652 0.782157173516
0.987696543198 1.44568810101 0.762854251111
1.00121083557 1.51833287461 0.754409293741
1.02119721177 1.30989843179 0.750567693629
1.02031948342 1.44204788693 0.729725678308
1.02579711298 1.53230447867 0.735418422737
1.02335780427 1.61475081148 0.73070775282
1.02270465278 1.47447808448 0.728524582579
1.03010092665 1.55379632076 0.737619663063
1.02389201946 1.63422762777 0.727654262232
1.02522144273 1.49292046223 0.72825524705
1.02967186284 1.57248724521 0.733247329503
1.02493509393 1.65319394518 0.725306999124
1.02819791904 1.51134573525 0.728642608197
1.02924866095 1.59123937377 0.728857111562
1.02686829406 1.47308931569 0.724420566803
1.0339729226 1.55694598188 0.73323704741
1.02779596935 1.63843655311 0.723231438428
1.0297262606 1.4969861712 0.724698889696
1.03308716128 1.57678288 0.728198225451
1.02898221264 1.43668063475 0.721081724791
1.03284692804 1.51550991399 0.725312379997
1.032818813 1.59559312395 0.723996387568
1.03064366116 1.45489452145 0.719606294394
1.04620148019 1.50594992821 0.722554720526
1.2830474729 1.60876791984 0.720927229421
1.29999907918 1.47209749401 0.718732237254
2.31295324575 1.55251703863 0.727838408821
100 1.43622235849 0.71957796824
100 1.27695209512 0.716673603295
100 1.11767625587 0.725179880406
100 1.04602154533 0.717410097022
2.03397791769 1.014612304 0.767771131621
1.61668404787 1.04342597378 0.884084687663
1.61202655553 1.13305211007 1.11192535484
2.24123778116 1.41135250712 1.02544803391
100 1.53266805923 0.980735591546
2.43163115219 1.60271787468 0.973261941691
1.93737756072 1.46326727622 0.927353767317
1.44273554336 1.51966920716 0.890254988817
1.42722869422 1.34858093331 0.877886245916
1.2428182498 1.42736991935 0.832331276801
1.22993652975 1.28844594316 0.833059123905
1.23674903606 1.34641803145 0.781185024696
1.27843199388 1.20239973392 0.738987287637
1.29400169764 1.26027295157 0.736288845788
1.33090874308 1.11539094525 0.685534096679
1.33945212338 1.24496842479 0.66390840959
1.337518826 1.60573319754 0.664069717734
1.332340137 1.47702581411 0.672640317408
1.32653212582 1.56402932385 100
1.31617331639 1.64987532848 0.68382914621
1.31209531842 1.50988372816 0.697311665343
1.30321033052 1.59438148615 0.701685299015
1.01841144954 1.76774584647 1.00235922593
1.00809348781 1.51047611772 1.00750907187
0.996604773332 1.35846842984 1.06682321004
0.931466048091 1.40274683396 1.13181082613
0.869491076338 1.23245311089 1.14619091559
0.864383765159 1.24628629664 1.20656480854
0.793810632626 1.10370089531 1.26794028671
0.748193438915 1.22861598011 1.27225651457
0.743351643575 1.53434114418 1.26644558667
0.733596918149 1.4008923365 1.2696911539
0.726958940584 1.47776871906 1.27453105172
0.730713298148 1.55516445596 1.28529405477
0.715635213079 1.41319800694 1.28541053762
0.7119460034 1.48953971782 1.29194737572
0.710906108678 1.34873609498 1.29990932616
0.698432031731 100 1.30165287468
0.697677182299 100 1.30971850211
0.691653896068 100 1.314956436
0.681921579379 100 1.31827863972
100 100 1.32783016792
0.672992414969 2.34129893298 1.33041074596
0.666155190596 2.18234748272 1.33527259981
0.667811786613 2.04888750093 1.34303350888
0.904745418406 1.86373775963 1.34631292
0.914842546544 1.73116433748 1.35306182755
1.67517112232 1.57778719281 1.35770605447
100 1.38881620387 1.36249303561
100 1.19925926665 1.36992453876
100 1.04125584774 1.37909014181
100 0.969802346086 1.37928551833
1.88179871221 0.938224749772 1.48400609773
1.48137327983 0.912662991534 1.46313611615
1.31214934403 0.942742565157 1.10634246606
0.927610947998 1.92782447344 0.974782094739
0.928653744413 1.84766084887 0.976803160451
0.920186738795 1.94115787803 0.976621278719
0.916263486814 1.80326177358 0.981735362048
0.915897596578 1.88034028215 0.990816636967
0.90525370887 1.74028878866 0.989982316778
0.907897322155 1.8442287144 0.999434321748
0.897973424993 1.92165332241 0.999811832627
0.890877260597 1.75193396274 1.00419826882
0.89555845405 1.85101381327 1.01564588389
0.88270043318 1.71487265713 1.01328755395
0.879673891829 2.29797724799 1.01933694638
0.878055677997 2.15873943693 1.02706211591
0.867951867566 2.24126235412 1.02711233944
0.8672994812 2.32437974929 1.03516955372
0.861626245957 2.40804950639 1.03944416862
0.8537662372 2.26749964986 1.0414943075
0.855532344951 2.35056559522 1.0514173487
0.84570323122 2.43418654371 1.05234679091
0.84016773058 2.28993515013 1.0563384301
0.843267643427 2.13057962699 1.06758903538
1.08018278774 1.97122523945 1.06574505253
1.09158944726 1.8118722876 1.07162514078
2.10400929463 1.62065123689 1.08213342068
100 1.48680855398 1.07988938
100 1.33255640661 1.08728030786
100 1.1742327727 1.09198259532
100 1.10271154468 1.09634630305
1.80503560482 1.07144554373 1.14303999925
1.40239118337 1.10250761571 1.36803775486
1.43047850898 1.17520463887 1.27393063261
1.42881443795 1.44036729491 1.14862933064
1.63442978872 1.5317046014 1.06045445886
1.39122490549 1.42165851717 0.990563435219
1.38331684155 1.28715406236 0.99005841236
1.22526422571 1.32722304416 0.915333349186
1.21605436237 1.18459635144 0.847896561957
1.22243629393 1.2599756171 0.79879801659
1.22055109687 1.39003408563 0.795055956353
1.2274844832 1.47140209668 0.772521067054
1.1736565602 100 0.827054818076
1.16684273834 2.04804440454 0.855124524946
1.15300020812 1.94260230936 0.851287348391
1.13673464495 2.01355270115 0.881929393878
1.11851738737 1.89723878842 0.882574090222
1.10658387791 1.9663929755 0.909279635029
1.08189879006 1.82719094479 0.918850947297
1.07899896736 1.89156399534 0.939267473246
1.04852974005 1.75176484283 1.21575914913
1.02572871818 1.81565338362 1.22427431727
1.01975547019 1.83990362098 100
0.990850600499 1.68165855391 100
0.966180488769 1.49207806382 100
0.960942563317 1.3596572226 100
0.93354024876 1.20743304315 100
0.915254851272 1.05180621824 100
0.906456496478 0.981680162912 100
0.928345530488 0.950138666329 100
1.01003449791 0.941786941342 1.70983049303
1.14604027542 1.10519024491 1.70637525838
1.0196953844 1.23273435393 1.90388129215
0.928537405191 1.16690200469 1.89159941302
0.871805417451 1.27766363999 100
0.871672175426 1.59952919871 100
0.849227921373 1.68407690758 100
0.838810809341 1.54538925817 2.47425477907
0.833869522757 1.61759523279 1.7183042526
0.816071999841 1.47727093413 1.452707856
0.808345618204 1.54833534125 1.44673943531
0.79898689828 1.62145163714 1.21674642768
0.783529309545 1.47914331475 1.21649268569
0.788010880546 1.55167839897 1.2309835225
0.764584242543 1.41015948629 1.23967327508
0.751673142604 1.48205261199 1.24913792302
0.751955225383 1.34142118533 1.26518646825
0.730718701121 1.41259713181 1.27104185841
0.720595936811 1.48601683751 1.28218109648
0.716284765529 1.34333841716 1.29650530262
0.6974684643 1.4161437769 1.30286479246
0.940929141609 2.4613232281 1.12096894223
0.940050673456 2.39528787342 1.07628960726
0.949607303793 2.25546160547 1.05041675055
0.977107351376 2.10102345696 1.03887409019
1.01328259073 1.94384779446 1.05101152537
1.02189491378 1.75486150228 1.25236924983
1.04915756075 1.59764466565 1.51009979978
1.08409743623 1.44087787158 2.01225368588
1.09068040801 1.28474557038 100
1.1198736111 1.12951499846 100
1.16392252209 1.06023484923 100
1.24799765036 1.02940806827 1.68019151113
1.34449326932 1.05360931674 1.48687777196
1.18602754133 1.03119108131 1.4860347749
1.05795642136 1.11129327569 1.52111865142
1.05530522195 1.23458013077 1.52132757965
0.953658460204 1.14493814047 1.51615774285
0.948251811884 1.25425897155 1.51485584361
0.876975233824 1.35417112025 1.50069525088
0.828616538091 1.42025298817 1.4835739484
0.828790875401 1.27808578709 1.48055863038
0.773945087364 1.33484072632 1.28900226576
0.72868122253 1.18970736518 1.28803646473
0.723715245732 1.32895728548 1.2934650826
0.710564502743 1.65284470068 1.2894996847
0.720971247414 1.52011394245 1.28808840332
0.728086480973 1.57676726878 1.28228337532
0.726821998603 100 1.27323101638
0.736896340396 2.439184562 1.2706450822
0.741305819371 100 1.26480324387
0.742940710447 100 1.25730783594
0.755584193069 2.44995692796 1.25635923524
0.755333657524 100 1.24768942782
0.759704725425 2.38572516218 1.24178104135
0.774785876186 2.27319046372 1.24187742815
0.770077808785 2.11395731093 1.23094538233
1.02651254485 1.95474524754 1.22666746413
1.03492517033 1.79555988407 1.22395167114
2.30493170844 1.60458388044 1.21417266997
100 1.44548953707 1.20918498612
100 1.28646158853 1.20778175174
100 1.12752812838 1.19763331551
100 1.04393687183 1.20534054484
1.77921876899 1.02130961268 1.25795443553
1.36742540797 1.05740583526 1.35358154036
1.36701179293 1.13121039937 1.23110974423
1.38919064201 1.2381958512 1.09812582612
1.38234877608 1.17424323764 0.99798802349
1.37708663613 1.24592034805 0.99088790403
1.36239632233 1.3288588839 0.913076899808
1.35212767697 1.3877886971 0.853162370685
1.18369976807 1.2446013867 0.855367124892
1.17153778262 1.10368854911 0.788803833913
1.17598267271 1.189150538 0.736883705993
1.41522147154 2.0339987643 0.750914635044
1.40516189823 1.77165416344 0.754296888671
1.39179513889 1.64547261977 0.811095047327
1.08893307399 1.69479650171 0.879003843227
1.03663434066 1.55201868057 0.876551491148
1.02233829982 1.59966722464 0.937285553461
0.963938563358 1.45522691514 0.947891688461
0.961334463327 1.31421405056 1.00197445725
0.872728055119 1.75712949923 1.04210920094
0.862664014707 2.09843384245 1.03849197315
0.863300366852 2.18891442653 1.03691710372
0.861925923556 2.05163870064 1.03367175045
0.870314868427 2.13039117248 1.03860737062
0.864792778689 2.20971991607 1.03234936223
0.865992568858 2.06961586173 1.0312681811
0.873061505968 2.14820313737 1.03558050645
0.867100240242 2.22770330407 1.02846744936
1.11998160467 2.07207865503 1.0293203222
1.12258397618 1.9130639688 1.03025817395
1.89129835994 1.72233118636 1.02539520175
100 1.56348093376 1.02537360051
100 1.43014468158 1.02580133988
100 1.27660780791 1.0220708575
100 1.11922316038 1.02681673059
100 1.03609626112 1.02223884185
2.11545583436 1.01659081481 1.05762015606
1.49692882507 1.06642544241 1.2736850978
1.52278793989 1.15008768982 1.18137690217
1.52212697792 1.2743469275 1.05984439484
1.50406515324 1.35721134748 0.973814075123
1.48520018255 1.22523811596 0.902237991608
1.48063437378 1.26305452597 0.891602710455
1.33015707836 1.11818248747 0.812856160946
1.32595129695 1.25870296138 0.811080616377
1.50099453812 1.38052151804 0.762978873733
1.280160792 1.43426304738 0.74069304788
1.27581118684 1.2944990125 0.747788707385
1.29100383067 1.36383676088 0.717173443594
1.30241119873 1.22309144657 0.697612545811
1.32021375703 1.29149418709 0.700429312457
1.33252350962 1.36272215039 0.671894541047
1.34566761261 1.21917201093 0.655255001963
1.36143446347 1.31317152921 0.651095329475
1.37128437939 1.17409264426 0.62879837509
1.37935707103 1.32628165647 0.627915283491
1.37956879408 1.69248570896 0.636088512652
1.34867203845 1.79677517564 0.676184267958
1.20220085664 1.87221531986 0.820965941286
1.24062882729 1.62999687461 0.827305600859
1.16806497869 1.6822829989 0.893986987203
1.10153492614 1.54190955788 0.971716926154
1.08572199307 1.40217492748 0.978114245574
1.01316085106 1.43547665182 1.04959889059
1.00868615699 1.29346904485 1.12739392994
0.92983843556 1.32916293316 1.13328570864
0.857976369702 1.18530263223 1.20546770339
0.851717484984 1.26418550246 1.21505268968
0.791923961649 1.16466562784 1.22510468518
0.792349523464 1.30258329661 1.23376361279
0.765981326694 1.64359742454 1.2361709951
0.770293830844 1.73695630774 1.23324380162
0.782548188571 1.79456042831 1.23240071566
0.778891564548 1.65466241652 1.22275616654
0.784059709205 2.38535881802 1.21868806149
0.794281969059 2.46157778722 1.21791551583
0.791587079884 2.32194739347 1.208729305
0.799269123218 2.39759239709 1.2063288815
0.805011238607 2.47425768527 1.20267331108
0.806267806197 2.30612581281 1.19449816805
0.81280311423 2.31433481096 1.19138102559
0.820426153843 2.15522481767 1.18904191126
0.819339721957 1.99615511779 1.1806866307
1.07723925893 1.83713617838 1.17928586183
1.0808452867 1.67818242931 1.17397901268
1.5998872916 1.51931433177 1.16728673625
100 1.36056188979 1.16764031183
100 1.20197093049 1.15929941603
100 1.04361507467 1.15431282053
100 0.972423998832 1.15263112278
1.78949268771 0.940781128545 1.23581251282
1.36937313022 0.908742870135 1.342909456
1.36931912095 0.939380332973 1.12154306631
1.38129552628 1.0196484342 0.981179523045
1.37872923655 1.1409515031 0.883211996268
2.04646511989 1.31566274981 0.88266256949
100 1.64171250744 0.843682320481
2.23033424952 1.51303092102 0.830095182084
1.46798125686 1.55928967307 0.822499164903
1.20224468332 1.63304230272 0.813703046855
1.19977348706 1.49199996077 0.800315125049
0.964279179706 1.56476283936 0.805005833835
0.970183174279 1.42462041157 0.783827546819
0.978241204475 1.49662180356 0.772943106726
0.994665748177 1.57064084677 0.773471054708
0.997030429915 1.42872456724 0.754496239838
1.00718688815 1.50207891899 0.746307687581
1.02038039833 1.36111103095 0.742348120843
1.02444304407 1.43372314615 0.725770600091
1.03657822867 1.50837805639 0.720491967836
1.05101733776 1.3374995679 0.714197102776
1.05444278796 1.41093893221 0.696164124741
1.06572286369 1.26988959078 0.689865896991
1.07668605429 1.34254042464 0.683196480725
1.08451022707 1.38848193286 0.666702939972
1.09498073828 1.24627473639 0.659293586285
1.1072119006 1.31981085504 0.654949041285
1.11206574453 1.17866888511 0.638032218737
1.11660635468 1.56529035913 100
1.11290297151 1.71801197649 0.655443206559
1.07467325082 1.78216737502 0.699940311549
1.06902266604 1.6429867994 0.706515239699
1.02447518435 1.69910795 0.743355781483
0.987600831078 1.55797716148 0.790637358985
0.978862276022 1.61406931874 0.793508641959
0.935626748053 1.47258622802 0.832836312244
0.900912087732 1.5289937014 0.881246924997
0.888851884932 1.38719211697 0.881331909984
0.847187934719 1.44396558031 0.922578116813
0.848139783949 1.30181225582 0.935146407454
0.799021534974 1.35899754079 0.96970503222
0.759307919011 1.21645037438 1.01250959405
0.757473882285 1.27410175146 1.02182609604
0.709439483167 1.13111057282 1.05848995957
0.713136561751 1.25410121146 1.06648877118
0.677201031387 1.37034460881 1.07675357152
2.41656149072 1.26043383954 1.08674682715
0.659267357135 1.33944224824 1.09875905828
0.642633426066 1.19817716907 1.1075242855
0.640594362619 1.35015939351 1.11383483093
0.655869306295 1.90825253621 1.11310462775
0.696538921296 1.7735245874 1.07622494292
0.703221570824 1.83474836869 1.04683361404
0.736092350505 1.69239791385 1.03169514455
0.779626029098 1.75239361007 0.996233219674
0.782363608784 1.6095605046 0.991893567025
0.817840859935 1.66971527665 0.950115233906
0.862684567588 1.52666081058 0.916610619574
0.862364889506 1.58705100631 0.909240678895
0.899897200806 1.44376503703 0.868881706218
0.912276016422 1.50441870173 0.837724169029
0.942958141541 1.36087699637 0.826740936945
0.98218233415 1.42182456381 0.788103859791
0.991105412324 1.27799831804 0.791081873644
1.02400330686 1.33927567916 0.744445028924
1.06464320811 1.19513095484 0.707937727041
1.06384153669 1.33793320198 0.703996156669
1.05327736392 1.69156050765 0.69872986302
1.04896561992 1.76197242802 0.718943279585
1.02922772112 1.85173682061 0.723127315294
1.01753483735 1.71182713365 0.735022232621
1.01088884418 1.79946458039 0.757991065163
0.993051720272 1.78127565959 0.757464913138
1.03543384713 1.18150617699 0.733591866199
1.02516128324 1.58881254353 0.733941158607
1.02829509319 1.88670638661 0.739726670531
1.00168393295 1.76063661624 0.775543222947
0.983928499209 1.83026312896 0.768308174104
0.971850223133 1.68915178211 0.79656850616
0.947581823854 1.75555955136 0.802973717719
0.946798314093 1.61415966467 0.823483181921
0.915914360364 1.68015587899 0.853770090828
0.893759671807 1.5390796431 0.856250508578
0.889570148609 1.60474647999 0.879210889554
0.860401002981 1.46405487498 0.911204040626
0.840641922355 1.52936222753 0.910249382362
0.832602713535 1.38910058412 0.935351562576
0.805396687516 1.45400830392 0.946335036183
0.810936855426 1.52187843608 0.964845168284
0.775952781693 1.37868973312 0.991834920132
0.751013293696 100 0.999211571652
0.752991054128 100 1.01994199108
0.719695328388 100 1.04860558714
0.697396096754 100 1.05274913184
0.695237856513 100 1.0754628478
0.66379208091 2.41440162912 1.10402717153
0.640175190529 2.25696453351 1.10984747721
0.641090481847 2.09949671908 1.13177092334
0.856720856292 1.94038565199 1.14725636757
0.865228476677 1.78131954686 1.16378209446
1.37214750088 1.62231162919 1.18744029989
2.12013353288 1.46338086666 1.19971914084
100 1.30455545845 1.21819510323
100 1.14587921352 1.24342539548
100 1.07463220924 1.2456665303
1.5720745505 1.04411607792 1.36505194888
1.38748826428 1.04122463641 1.4409513791
1.22744888347 1.09961886727 1.27340731696
1.38875891896 0.994298733128 1.26955524689
1.39285260681 1.04635949958 1.26473090951
1.24783900326 1.0175806807 1.11078696104
1.24911870411 1.27241891536 0.992650521643
1.3859732113 1.24604125286 0.921415504381
1.38510511359 1.53706858145 0.921788214573
1.19421800713 1.404843492 0.87261642458
1.18534598445 1.46517457847 0.833804320367
1.19740399953 1.32175943054 0.828273288275
1.23375480666 1.38055874735 0.781920150464
1.27690193098 1.25906618343 0.78719018924
1.2827455804 1.12251602135 0.73547495648
1.29107792948 1.25878448535 0.710647511728
1.29247720904 1.57943337756 0.716231278728
1.28146761559 1.67205915511 0.71863628273
1.27997560579 1.78231186213 0.737036003771
1.26515531644 1.84580410525 0.738375067224
1.09917790598 1.94987552083 0.901258390905
1.09658628394 1.98987212075 0.921377049548
1.07299255022 1.83812718249 0.927064511262
1.06661343403 1.90509781649 0.949912205699
1.03731307731 1.76459380478 0.981608427378
1.01589003358 1.82907990396 0.984558064355
1.00580571962 1.68837773097 1.00991026797
0.976369557174 1.72417437665 1.04115927031
0.954217071567 1.79036918721 1.04600730587
0.945767120644 1.64765816339 1.07047948298
0.917059877499 1.71368342256 1.08560224324
0.897283886739 1.57116308307 1.10436316127
0.885011540656 1.63700259807 1.13061927028
0.858286474446 1.49469308166 1.14240435435
0.858644327977 1.56032758396 1.16321122004
0.82460355209 1.41825224392 1.19106219619
0.800167565847 100 1.19983282084
0.800074251806 100 1.2243717875
0.764228707331 100 1.251351613
0.738626025113 100 1.26142417105
0.738041408174 2.48018911303 1.28346258833
0.70393089083 2.32235599157 1.31185276276
0.681122938322 2.16474698552 1.31926101261
0.676200444093 2.00741488377 1.3429153979
0.893667047642 1.85043031872 1.35845539881
1.30240683977 1.11032750808 1.64128202253
1.30222947296 1.09332993714 1.45968012223
1.3041491787 1.06751880756 1.63919125886
1.50466267498 1.0147594304 1.83723903808
1.9340455607 0.98632724984 2.04774496419
2.38930789364 0.956669897438 2.07661923398
2.16778229735 0.930875632912 2.03556313643
1.74137642502 0.919317891795 1.59987472656
1.54805866919 0.88947521013 1.21105781561
1.37407985614 0.936340179421 1.04611501363
1.22959593514 1.03936956057 0.916719892742
1.12704960506 1.18423742803 0.916191783831
1.08182453995 1.34601478155 0.835091431767
1.08726850816 1.48612815043 0.807748146527
1.10324840287 1.57253373771 0.809985254009
1.11435930616 1.40686299034 0.787730730485
1.12297638844 1.47778046464 0.772164266767
1.13901463348 1.55058675287 0.77508819954
1.14714296703 1.40812561131 0.751453836959
1.15775219873 1.4802754699 0.738545659822
1.17545129786 1.33856982177 0.737143363622
1.18054774311 1.41007659359 0.715755324572
1.19295725886 1.26924289763 0.705742405454
1.207171953 1.34003073226 0.699592570896
1.21444494563 1.41323333722 0.680701674396
1.22854800912 1.27016411906 100
1.23970733834 1.34276629928 0.66249939511
1.24879394434 1.20050808652 0.646397773279
1.26449184598 1.27243171004 0.651708816451
1.27009434685 1.15340719064 0.626003629293
1.27775809754 1.30835099178 0.628647837287
1.27837761507 1.88557831138 0.636753621158
1.24007673189 1.98928172999 0.67289302811
1.20817643591 2.0871797257 0.721756027036
1.19568817554 2.03581584592 0.719648768075
1.20846893651 1.88006665129 0.755919221636
1.40127514069 1.72464971413 0.802244886408
1.41564496979 1.56609390616 0.80081431957
1.91450875209 1.40771827948 0.839263219222
2.41337601712 1.24959321111 0.851519058268
100 1.08726962327 0.882933620411
2.22480279246 1.03909017857 0.933705271189
1.58752433426 1.04892359469 1.03525754486
1.58597547501 1.12944045437 1.17994657186
1.5852981095 1.23377869733 1.12916760309
1.78192916297 1.32635272683 1.0254839046
1.5512620954 1.19619827259 1.02332223387
1.54506231084 1.30651861949 0.925367025609
1.75551332706 1.40825873551 0.866897750675
1.49321426708 1.44900219254 0.825763149691
1.22694098792 1.20508942495 0.788797948418
1.22591125851 1.55692526195 0.792657022616
1.23480816298 1.40540607715 0.770747793204
1.24134697292 100 0.760946372186
1.25416588007 100 0.757988709862
1.25907086255 100 0.741167838131
1.27070968255 100 0.735537885447
1.28055269744 100 0.726861794365
1.28734945516 100 0.712722205989
1.30055212485 2.34949394978 0.719246680874
1.3076088555 2.1906684124 0.696365160398
1.31604376151 2.03192662943 0.934827882186
1.33071873535 1.87329019328 0.93371084344
1.3351082256 1.71478840261 1.44427644224
1.34510887967 1.55646240524 1.95753428069
1.35759501664 1.39837191586 100
1.36302270902 1.24060697059 100
1.37452117764 1.08330980814 100
1.37720754554 1.01232759728 100
1.46296260354 0.980823372272 1.914166358
1.30799770345 1.01367581718 1.52140523223
1.1444082692 0.990772857415 1.35622447696
1.14047805227 1.07086621898 1.35952855134
1.00388515176 1.04123000952 1.36026912089
1.00241501669 1.16418160499 1.35859964871
0.904731715081 1.14403638489 1.4679338947
0.866292767938 1.51253711693 1.46793448367
0.869175465756 1.85847862515 2.41969269861
0.862829493448 1.95096885916 1.6561183717
0.868188329978 1.81189365794 1.38993399619
0.866080437142 1.89272515519 1.15125696539
0.864338310158 1.75271395104 1.13629709834
0.8720757813 1.83232593074 1.14149653105
0.865878222208 1.91290661595 1.13606814296
0.865382058378 1.74471027154 1.13484839202
0.872076451288 1.82415990705 1.13926275569
0.867709652507 1.90460896501 1.13522238059
0.867233465069 1.76435928436 1.1341566108
0.874449495989 2.17013782878 1.12574373519
0.876094833677 1.66615034158 1.13048036198
0.864663009159 1.75621593197 1.13618676696
0.863861658282 1.617652616 1.15208851917
0.845415477146 1.69124656959 1.1558253643
0.836701941266 1.55025507861 1.41631254325
0.833852730323 1.59426240549 1.43340218275
0.814192933246 1.66796918431 100
0.804517846934 1.52581902924 100
0.801048277114 1.38896806857 100
0.783594873375 1.22969232263 100
0.776596239619 1.0704423787 100
0.769515076268 0.998800991468 100
0.802506047921 0.967365194531 2.23093283354
0.901561615937 0.984973838645 1.80454784624
1.05102352001 1.06795857194 1.77923631068
0.99658952137 1.3641809524 2.38057981961
0.945170237692 1.49126135642 100
0.942700872985 1.53506324097 100
0.890254409187 1.39433257633 100
0.843412862069 1.42150412243 1.78476519133
0.845983340899 1.27852997825 1.52582868353
0.791511098029 1.33413337681 1.51344064202
0.746231404916 1.19044173717 1.32860371857
0.742703682628 1.32797849865 1.32060502689
0.72873219182 1.64968451154 1.52166824159
0.738393595622 1.74151629957 1.26834442828
0.744594231919 1.60292323502 1.26197440322
0.746979966669 1.68707409616 1.25319362399
0.76038278861 2.44526537455 1.25100060639
0.761755527415 100 1.24152656959
0.766952187819 2.37994691239 1.23435280794
0.782764534575 2.45479459699 1.23368422365
0.779713075922 2.3148674838 1.22145480171
0.787523628549 2.38918707744 1.21593044513
0.798370109374 2.46462536172 1.21242824148
0.798355892119 2.32381545717 1.20177101248
0.808646619553 2.22537552596 1.19795025686
1.07142741915 2.03456992953 1.19279049607
1.06782706044 1.90106724623 1.18219440694
1.33242066544 1.74727077503 1.18027233937
100 1.55783361579 1.17169765332
100 1.424739413 1.16322067361
100 1.27136720601 1.16321098157
100 1.11416714353 1.15083510574
100 1.06278189566 1.15189032024
1.81513302906 1.03992131387 1.21570629578
1.40149954331 1.01059961897 1.31655368751
1.40225360102 1.03756538282 1.35850104238
1.42119192339 1.10987304505 1.19775526674
1.41941780965 1.22180042042 1.06732724502
1.62627880307 1.32484956529 0.974831577176
1.38238964029 1.19910471997 0.902555597824
1.61063446025 1.50412811009 0.859662064847
1.59606233215 1.63414370993 0.855688413688
1.32730502001 1.68929247711 0.836645379541
1.32162055132 1.54861505905 0.827099186704
1.09047190084 1.59246898519 0.821709200803
1.09311574585 1.47402780078 0.802066923482
1.10719184337 1.54997746986 0.808526866323
1.11751631631 1.4102349205 0.783499734887
1.12649354515 1.48124751249 0.768836202332
0.916192370091 1.35263413371 1.04322133636
0.912520806708 1.11768333806 1.05085736368
0.837813592756 1.19141846316 1.12719109329
0.833895199245 1.34527074132 1.08280796576
0.800696566366 1.27904411934 1.09433242538
0.790137068205 1.35248063374 1.12286441227
0.752988719619 1.21373493834 1.16106056396
0.753538331957 100 1.17031999387
0.708167129013 100 1.20342251453
0.673638082819 100 1.24315052058
0.670542973842 100 1.24984127656
0.626404153223 2.38922247191 1.28605557446
0.594123861164 2.25631824441 1.30091034256
0.58775182776 2.10329404948 1.32994924679
0.794777005987 1.94643058483 1.36594105416
0.795397859478 1.7890238384 1.37863079528
1.2942927796 1.6317969031 1.41020751393
1.7934198785 1.47498776252 1.44752974985
2.05531527178 1.31878263196 1.45785172928
100 1.16343252874 1.49089268047
2.10954157663 1.08267590476 1.53278637876
1.47804119602 1.06874108023 1.70785174761
1.3005593731 1.09624113215 1.53133876494
1.48145637065 1.01756031072 1.52895731935
1.88484074852 0.989237580306 1.62997253888
1.8896222861 0.959289306244 1.71594526942
1.50547260633 0.97918168135 1.32300794305
1.34659876725 1.05789411306 1.15379476891
1.22099731565 1.18135945333 1.01579756766
1.22153237009 1.15519984622 0.919285209353
1.39188186927 1.49639770788 0.875423707929
1.3880450581 1.61661454063 0.877202763495
1.16184591868 1.70063641205 0.859367428729
1.15100742657 1.77789694062 0.852820140795
1.16169933617 1.63608506991 0.848013224156
1.16586745066 1.71065667113 0.834176008813
1.17712535283 1.5692854001 0.830200296358
1.18470941634 1.64311333521 0.821064760439
1.4455692577 0.906285753105 0.700498101111
1.39445559616 1.10295871883 0.621177638695
1.38720666827 1.54332306201 0.637201481457
1.42501940008 1.92244083753 0.640033192238
1.35456068074 1.9495562613 0.707256414986
1.28907284459 1.80911304794 0.783144053868
1.27737017242 1.66968252737 0.787497944529
1.20679893869 1.70478404388 0.8554674439
1.14126817835 1.55809777062 0.930824686284
1.1289640767 1.59932042393 0.935053919178
1.05884889591 1.45774619348 1.00384190793
1.05671017332 1.49676589103 1.07931154266
0.980650546899 1.32443425298 1.08608167787
0.910463085039 1.38810988425 1.15235584679
0.908778801502 1.24719406357 1.16648391698
0.832197168527 1.10626509398 1.23049976887
0.770144117277 1.184515857 1.24542058928
0.768645285293 1.37126997342 1.24712402231
0.762472293106 1.71885764742 1.23931234482
0.780811454329 1.81444326165 1.23714961435
0.773239043006 1.69901967068 1.22693701556
0.787507036319 2.43676223359 1.22499988128
0.788350552754 2.2975967348 1.21414215106
0.794953199024 2.37181158705 1.20690711971
0.808591813037 2.41862477237 1.20203652452
0.811309375664 2.27801025651 1.1921768128
0.816895590101 2.35235785847 1.18421776428
0.832465256967 2.21249331759 1.18323378482
0.831004898237 2.21584034128 1.17030054585
0.839060123495 2.05702931348 1.16406466813
0.850631522787 1.898310718 1.16042624966
1.10132819286 1.73970986237 1.14882766538
1.36915446856 1.58126217676 1.14437980597
100 1.42301882714 1.13768078555
100 1.26505649584 1.12778120448
100 1.10653379718 1.12518777642
100 1.03505600294 1.11849998036
1.79397110426 1.00425540812 1.14862121156
1.35800920827 0.997910183795 1.22668791778
1.34098468711 1.03259886453 1.16263419061
1.3404150469 1.11392910741 1.03719820041
1.54228761231 1.23982304002 1.03575584845
1.74386654408 1.32677158598 0.953156497111
1.49657183137 1.40645492319 0.891281599774
1.24559463774 1.26897846667 0.890637366999
1.23808408708 1.31864897546 0.823469770794
1.06491033745 1.14441122019 0.761619904127
1.06034340996 1.22843698247 0.718665738509
1.05150033897 1.3427881022 0.716338067944
1.05337969855 1.42467544037 0.696683269658
1.06850304281 1.2839129281 0.704332447749
1.07927444629 1.35628951145 0.677066577009
1.08880648807 1.21447003059 0.661613996834
1.10592122115 1.28581370965 0.6645132405
1.1133770289 1.14483631659 0.639608638823
1.12356353119 1.29453807763 100
1.1018405215 1.86161115232 0.648159802844
1.08766840086 1.72841708121 0.68013261202
1.05302918313 1.78789689115 0.725317884226
1.04702713624 1.64722288238 0.72549897382
1.00537529904 1.67694199475 0.762455578612
0.969709739275 1.53654847895 0.805479471162
0.965896587235 1.59409055782 0.808899402065
0.92373930082 1.45359109652 0.844131667706
0.890068453227 1.51123997025 0.888474987835
0.882357665829 1.39286636885 0.886880975443
0.844669966253 1.45586471282 0.926800823376
0.845176925634 1.31525609301 0.934149925857
0.800619819925 1.34554512863 0.96941680865
0.761621516079 1.20470665822 1.00833714085
0.765520340252 1.26277107561 1.01764402142
0.718247670823 1.12175339943 1.05040923787
0.686878285466 1.21341478889 1.06312181312
0.687190175499 1.3309433188 1.0760969524
0.670196549892 1.41502275668 1.07982044946
2.41262363838 1.27414082367 1.09268353617
0.655350676539 1.34853558742 1.10052040205
0.642710716834 1.20678040361 1.1078640487
0.647772533308 1.28003141822 1.1226343702
0.625429249554 1.13933604702 1.12726558824
0.631829105657 1.50371259457 1.13710922658
0.697261902375 1.69478887235 1.13290181061
0.689581089891 1.56539378982 1.08023265972
0.752786228361 1.5837137805 1.06724146482
0.81947970212 1.41383303112 1.00322785772
0.822522098673 1.45811150374 0.945248270296
0.88138695875 1.31545248721 0.939570055221
0.948124038541 1.36126229053 0.874874208574
0.949896037596 1.21734040066 0.81842017128
1.00994323877 1.26495810597 0.810854384333
1.02368672053 1.11963676852 0.746644508728
1.05006120552 1.20399090285 0.700439497687
1.06776927733 1.31876429415 0.700862985618
1.07214251546 1.40098451717 0.678554848334
1.08576229807 1.25983810605 100
1.10525229082 1.30378307094 0.663437329039
1.10764619376 1.18472073664 0.64237919751
1.11447830502 1.33949802116 0.641922544412
1.11460289869 1.92486476468 0.653397785839
1.07992068283 1.79315928509 0.696638874126
1.07526730438 1.85536547097 0.69842762169
1.03409939524 1.71281548572 0.734039103594
1.00058647641 1.77319442718 0.780075985465
0.992719718972 1.63002554901 0.778291766762
0.951565042135 1.66163969573 0.816213030125
0.917110500064 1.51884599348 0.86007051355
0.911448355746 1.57895215897 0.86155075157
0.870134635707 1.43593834996 0.898091229812
0.837925940697 1.49629408242 0.943109451116
0.958661897675 1.1284388245 0.861372114378
0.958976627398 1.28906044887 0.861557955909
0.948827383396 1.61356639249 0.81905727912
0.948932191802 1.48280144631 0.801073416911
0.965704111969 1.57936701579 0.802517112222
0.974624376781 1.41495316495 0.780712704754
0.984210417687 1.48651315214 0.766453004152
1.00227147421 1.34632846748 0.766323993587
1.01252898343 1.38830222354 0.744137408728
1.02038020953 1.48329026929 0.73159071812
1.03998950919 1.34541169693 0.727895399217
1.04277079715 1.41824196718 0.707742161615
1.05662939249 1.27669562368 100
1.06966150329 1.34801259083 0.68968912559
1.07773194482 1.20718046232 0.672276628558
1.09348147038 1.27772271253 0.6787756189
1.10311255001 1.35082412476 0.652082869986
1.11321302471 1.20760117155 0.637612971851
1.13070403903 1.2800939189 0.639357957222
1.13714347221 1.13768868179 0.615066577625
1.14784874936 1.50328948087 0.621617407009
1.12582945615 1.86529835046 0.62424549713
1.11037759372 1.96865560377 0.657695464243
1.07304445582 2.03853963144 0.701190112949
1.07014366179 2.13500755063 0.706157541047
1.02766309141 2.23132398819 0.740115197894
0.99276783406 2.32762120201 0.784537188276
0.989125018178 2.26230949999 0.790036455862
0.945043925773 2.10580926458 0.822878890748
0.956641036301 1.94977251618 0.865278328147
1.15059910535 1.79432040764 0.86959290106
1.16439080387 1.6365837001 0.904749867779
1.66355040225 1.47812268017 0.948450109713
2.16271000167 1.31987876382 0.949859622901
100 1.16194065643 0.986925619621
2.20967316762 1.0911197934 0.990135806104
1.56655361543 1.09099479202 1.14317293788
1.37791770799 1.14099377196 1.28444065213
1.37509243635 1.23614023295 1.14930052973
1.4261371154 1.17007548574 1.04028134423
1.43052692335 1.22771050088 0.950990758808
1.42606384421 1.3321332183 0.946292811596
1.4262710656 1.20517968637 0.879491799103
1.25925323684 1.24733184815 0.876753518569
1.25863929284 1.10486178246 0.803244400419
1.26434885081 1.22826858162 0.755399637736
1.26171509305 1.55705000688 0.755444725344
1.26746003388 1.39751810367 0.736506976628
1.27444196007 1.47305947132 0.726647894111
1.2880082967 1.33278374052 0.729030972368
1.29072880142 1.40612678312 0.710698296003
1.29947010498 1.48141503442 0.703810141018
1.20444926592 1.76954622297 0.802095754627
1.18809681314 1.90418677443 0.846157984091
1.17311541563 1.97331989969 0.842555280176
1.13684530574 1.83378113209 0.885384719852
1.12830484343 1.89174434217 0.893250021566
1.08642103091 1.74963188534 0.929282509309
1.05188622295 1.80741933947 0.973740163412
1.04039149679 1.66495137882 0.978556750983
0.999910034353 1.72302270085 1.01657917107
0.999454846222 1.58026379286 1.06216673065
0.952664333739 1.63866687019 1.06446763849
0.913856406335 1.4955924271 1.10413315101
0.910886349201 1.55436346144 1.11675641445
0.865177343451 1.41094118879 1.15083328427
0.828404840094 1.47012169321 1.19188693096
0.822390130392 1.32631397164 1.2017153857
0.778011546032 1.38595281362 1.23755839135
0.743762901681 1.24171568863 1.279799408
0.733992329299 1.30187096032 1.28720723849
0.691288451626 1.15715268588 1.32457235486
0.690122043649 1.29942771748 1.32880105298
0.678039417751 100 1.32239451306
0.691368328645 2.4594649963 1.31562612836
0.70095070909 100 1.30571159814
0.706684445689 2.3930800709 1.29351244335
0.724090782077 2.464943354 1.28772084986
0.728536990048 2.32516395909 1.27468262926
1.26669391171 1.37456681565 1.6126810537
1.05436638789 1.31561943659 1.75385672041
1.28404063728 1.18369277728 1.76579833747
1.50926273476 1.08039745071 1.78348007011
1.9521761689 1.04503252489 1.78790752071
1.95724432322 1.02085144757 1.78874538318
1.53366170482 0.992008537847 1.80856224006
1.53616624611 0.989985190444 1.60236633271
1.7431977566 0.944416129045 1.80710987757
2.1810638988 0.916420001746 1.87508157573
1.96684552291 0.891417270677 1.7970510576
1.76039453891 0.887578022934 1.37951704248
1.39186567674 0.93909218201 1.19027725176
1.24910803253 0.909386375037 1.02496724268
1.14781276479 1.01559272847 0.894405467447
1.14926538204 1.16150766537 0.814018745848
1.35262041095 1.54034494598 0.797346743899
1.35260622733 1.67284364504 0.793092452934
1.10417821932 1.76480581953 0.797263648582
1.10286746612 1.62689524093 0.79902696181
1.09873390997 1.70764663895 0.796419414019
1.10210700812 1.78904214851 0.804157117219
1.0973042994 1.64863319876 0.801247630656
1.09501174937 1.72912499885 0.801209649781
1.09676293216 1.78218258812 0.807414979796
1.09236838865 1.6643185419 0.804517534543
1.09165498825 1.74939596932 0.806515532555
1.09374795849 1.83187915555 0.812955516352
1.08754335933 1.69108295183 0.8076635458
1.08889763975 1.77192699782 0.812546426738
1.08769602347 1.85365379575 0.814560594742
1.08322554035 1.6845529005 0.812371657883
1.08589275346 1.7877299227 0.818385751027
1.08215171275 1.87408355517 0.816914398218
1.07953326743 1.73350309666 0.816465889017
1.08458475455 1.81479003217 0.826139414464
1.07692374068 1.67476788095 0.819657539779
1.07621540022 1.75506192109 0.82175319179
1.07869094384 1.83631571702 0.828556461481
1.32217401422 1.69597439012 0.823102505556
1.3321735712 1.77642577558 0.827602668212
1.8496784877 1.66752665434 0.830165966367
100 1.50825879752 0.827136658926
100 1.34901330425 0.834008997639
100 1.1897991566 0.832371602136
100 1.11817278633 0.838948364739
1.80728368184 1.08671486634 0.900348939682
1.59797522091 1.12087013918 1.01846998403
1.57732979573 1.20992307831 1.1779225307
1.76311823297 1.28166700463 1.15994855936
1.53602369412 1.31002571185 1.05410279058
1.52012275573 1.16823076665 0.954757230687
1.21660125114 1.25060809291 0.852520527462
1.21629527926 1.39139375773 0.799321270397
1.22355561539 1.47479508452 0.776460004267
1.24570513507 1.30830433622 0.777806494669
1.27114047166 1.37517812965 0.7444287852
1.27829760985 1.23441075515 0.721704688454
1.29888110096 100 0.721728188347
1.31441914431 100 0.690309659607
1.33350285961 100 0.666530948261
1.35257937336 100 0.666578010347
1.36532128829 2.46076134264 0.636703144922
1.38274580423 2.30370611327 100
1.40627751642 2.14482557456 0.610503996721
1.41637884691 1.9858275019 0.8338631469
1.43553195659 1.82685349402 0.83487177059
1.45314643917 1.66794563334 1.34115553937
1.46806224002 1.50913203684 1.84842632352
1.48867243637 1.35044745079 2.35604667581
1.50365574029 1.19194371144 100
1.51565723121 1.12079402176 100
1.62983450103 1.09038063859 1.53053901262
1.63594143148 1.08216978653 1.5341958716
1.575682939 1.0326128445 2.17700096891
1.57827086056 1.00217282711 2.40888632561
1.63659622245 0.996140982809 1.75628367043
1.27675799203 0.99296238166 1.38123519708
1.27298054793 0.968866397162 1.56015261189
1.4467111483 0.940161978319 1.56485186206
1.26019664795 0.977698244916 1.56847669103
1.09457389 0.947997915993 1.40548880604
1.09291402278 1.04003291741 1.27600809818
0.956353914495 1.01323404982 1.2800200097
0.862158379868 1.1437477901 1.28157732283
0.860117174156 1.12396940034 1.28026631051
0.819067276037 1.27858722302 1.44980735967
0.813215313998 1.38990615971 1.45134109873
0.786309853073 1.46605203891 1.23679102405
0.784807719086 1.32582550518 1.23614466294
0.75052394569 1.39144787394 1.26535951461
0.726928262233 1.24926923581 1.27335268941
0.720925348051 1.31427503846 1.29769570911
0.688689440963 1.17224134653 1.31408752725
0.689193648636 1.31694583597 1.32710829859
0.860491193638 100 1.20172929478
0.864327580934 100 1.15136990107
0.91604319855 100 1.14559108274
0.922963969978 100 1.09387901835
0.969069061969 100 1.049425269
1.02303127419 100 1.03894485164
1.02730842883 2.36274471759 0.98847557702
1.07512328361 2.20762813845 0.945961527733
1.09012988134 2.0531565534 0.932505427453
1.13222223966 1.89949212613 0.946087696475
1.18133419756 1.74230060985 1.12379811655
1.19361148566 1.58520071105 1.138074336
1.23747599515 1.42860211087 1.62903174878
1.28765851829 1.27268987885 2.12020162553
1.29764679374 1.11775127285 2.37769379187
1.34242884963 1.03730294753 1.94437581808
1.52668699121 1.03340117827 1.5356711064
1.30169971612 1.07667121071 1.35626505559
1.15287343225 1.17316425414 1.35574024035
1.03599137992 1.14469921176 1.35251353666
1.03264535914 1.26706528686 1.42966921031
0.94743285352 1.20104409499 1.42921133689
0.939182994567 1.24288624236 1.3008855431
0.848143226363 1.07248887128 1.2880521653
0.780050828383 1.18583656432 1.2897583384
0.775807849359 1.56831727047 1.48792744014
0.781126957991 1.94593246139 100
0.816569885122 2.01310304121 1.44825276852
0.863959487855 1.87302736532 1.16432582043
0.867382565105 1.93015266756 1.15036580351
0.907691424593 1.81029852983 1.1125157761
0.918371134627 1.67469972612 1.10456242971
0.954820235983 1.729964957 1.06076112058
0.999690308252 1.58972584564 1.0244980822
1.00698704391 1.64443097028 1.01285851393
1.045625065 1.50373977303 0.970477846082
1.09168058556 1.55872816711 0.970231416784
1.10012561418 1.38999913903 0.921611215076
1.13788612513 1.44449551356 0.877786855209
1.42880518846 1.47422251692 0.838022694632
1.4396087802 1.35309371891 0.829935871934
100 1.21680377945 0.787578204849
100 1.27293142502 0.788424045421
100 1.13183675512 0.738241086102
100 1.43090830214 0.713459602898
100 1.31331194031 0.719484731954
100 1.16235050369 0.722855775321
100 1.09201857397 0.753202174687
1.73037283784 1.06153540701 0.843587389548
1.66835093065 1.08573043047 0.989268352903
2.03102135775 1.29742550856 1.16152626151
2.2195368591 1.37148025375 1.0639058801
1.985043734 1.23999859151 1.06036899777
1.74867761899 1.26600768771 0.961938811642
1.51244105244 1.12033566583 0.869332998781
1.50502078129 1.23278135622 0.865080357149
1.95200084167 1.33748118373 0.800434273856
1.45041569697 1.38145777274 0.759267266169
1.4393102865 1.2388195761 0.728294324849
1.24173872502 1.30124780124 0.719606287498
1.23254410601 1.15684246905 0.680008741343
1.2345550146 1.3006765246 0.679329780458
1.22683364962 1.65621076152 0.668479317877
1.22287326995 1.75466997138 0.689257536629
1.00062075167 1.67168134946 0.911104636525
0.998421269031 1.41982300419 0.962410672643
0.945605951301 1.48217958153 0.965964792072
0.936409161327 1.34262466785 1.02329046194
0.87598527376 1.39071509789 1.0373510274
0.87927023838 1.24675020983 1.0890894969
0.811630813328 1.29586296407 1.14788848321
0.752224969287 1.15048113953 1.15958423532
0.749723101731 100 1.1713546863
0.720701834757 2.47609715382 1.1799227052
0.715498478426 100 1.18041259432
0.724378287253 2.42679476538 1.18818602478
0.71178638531 2.46253503303 1.18489566416
0.710696809208 2.30330981557 1.18739292477
0.714625596278 2.14404202631 1.19327526312
0.954729153707 1.98477671666 1.19054790733
0.96849635533 1.82552579995 1.19471499627
1.97894108511 1.66629570496 1.19765401291
100 1.50709350385 1.19661048718
100 1.34792917768 1.20242330998
100 1.18881795941 1.20244847185
100 1.11730938073 1.20759686958
1.91967202145 1.08646080125 1.25264637903
1.31278623173 1.16093392302 1.46580998687
1.31136804955 1.13700052089 1.34963864534
1.31152605952 1.11507148629 1.34745188138
1.49408418173 1.02416676358 1.48266457343
1.49815356429 1.05490349739 1.48433973991
1.32869333808 1.02541453976 1.17338355213
1.32837737699 1.10287596333 1.04497507798
1.4198785494 1.21958272418 0.958982786338
1.41487959961 1.32716937513 0.957070500411
1.41159605302 1.38754424437 0.893653837784
1.23569938896 1.21928399716 0.835593097833
1.23507095587 1.26611022165 0.830166002053
1.29624455888 1.12227373386 0.765849730721
1.27152296195 1.24134082379 0.728505157895
1.28273478295 1.56434804159 0.730877349608
1.28091692444 1.43057488829 0.719275830922
1.33827975324 1.02169709507 0.72841392965
1.3134584777 1.43195810158 0.686590400603
1.3079226021 1.80400140634 0.714132927155
1.28729687953 1.90813463208 0.71313790586
1.27456872434 2.00332369337 0.741549626282
1.24799620543 2.0967718536 0.780686696704
1.22808157438 2.177670842 0.774449989947
1.21185548889 2.03701949856 0.805489776712
1.18689799194 2.10031213611 0.813405627344
1.17969107072 1.95984002645 0.836741271764
1.14946394457 2.02293959003 0.869686586686
1.12631037238 1.88268113575 0.873765445565
1.11616126514 1.94557518311 0.899526710785
1.08746820273 1.80555013314 0.934099509138
1.06633463446 1.86822087195 0.934853041277
1.05290431308 1.72845093884 0.962708277899
1.02337995421 1.76271048788 0.996219467491
1.00165571828 1.82726883434 0.999158215503
0.989599774776 1.68542588411 1.02601137703
0.961654195349 1.74982483969 1.03976352794
0.960893991944 1.60816072689 1.06063840687
0.926418788053 1.67238479789 1.08927076737
0.897441523883 1.50305446392 1.10446955456
0.899108090031 100 1.1248216835
0.863049854464 100 1.15252157499
0.836077797481 100 1.16424544364
0.834456217992 100 1.18659725438
0.799969775558 2.41653052593 1.21584126166
0.775433712374 2.25816230419 1.22463401608
0.769990627299 2.09994453402 1.24877893669
0.737356627771 1.94191398997 1.26627495771
0.960864090787 1.75259578266 1.28914014158
0.953530607109 1.59517996912 1.31267964509
1.21191555349 1.43819301032 1.34241749656
1.71655677551 1.28179248732 1.34992439003
2.22145363505 1.12622274471 1.37503315347
1.76817746471 1.04366521028 1.41144519548
1.33525271685 1.00110495692 1.48342006413
1.14271801897 0.971202847119 1.51606474871
1.54549989069 0.94690238036 1.4984853875
1.76500353663 0.924203702041 1.50170146464
1.76970972095 0.896606405493 1.50329043185
1.36073495634 0.867652876502 1.2970232311
1.18816716153 0.88268636669 1.11679871205
1.18958938256 0.956763917867 0.964803520939
1.28335611948 1.07590014316 0.852878724212
1.28348292757 1.24991285992 0.802493334155
2.2369403806 1.60303562557 0.804895883128
1.47594235153 1.6972566611 0.795282240938
1.20991467019 1.78038213373 0.799224206413
1.20956516202 1.63916901362 0.794840100729
0.959703962166 1.71850399283 0.791065157833
0.967930727343 1.57797445614 0.797658596841
0.963386188877 1.65636451464 0.788732235568
0.965155056261 1.73594611267 0.787480773568
0.97193302553 1.5947381624 0.792383465945
0.967273642379 1.67353073458 0.783231835998
0.973011478978 1.5558447368 0.787440773009
0.971623189674 1.63861957835 0.78240104671
0.971905197461 1.71908654719 0.779326573862
0.98069868239 1.57808539264 0.786856416819
0.975089802326 1.65689454838 0.776395946065
0.977508012071 1.73683522151 0.775969578594
0.983080897298 1.59501671179 0.779532575111
0.979144449701 1.67418809404 0.771079053318
0.985657642686 1.55595718447 0.776426343341
0.983202971777 1.63914791445 0.769930584235
0.984155284003 1.71997551596 0.767669893007
0.992113351016 1.57835671164 0.774381858032
0.986850120782 1.65754876036 0.764113178196
0.989902241957 1.51711902012 0.764538140064
0.994298235893 1.59541673316 0.76671847028
0.992108271106 1.64647084888 0.7596356578
0.995659134382 1.52828166339 0.761303124417
0.997098233489 1.61143666897 0.759762045153
0.99577210969 1.69225343666 0.754483925084
1.00278152292 1.55066457723 0.760182610077
1.00017541096 1.62983159597 0.753176671218
1.00095862911 1.48945889436 0.750638896774
1.00925495916 1.56771380984 0.758124172229
1.00385117892 1.64724007569 0.747321848614
1.00661641999 1.5061660094 0.747439249913
1.00896489318 1.60753736574 0.747580627235
1.0078855013 1.47176198929 0.742622356726
1.01544961446 1.55086861019 0.749295082852
1.01181089174 1.63056239574 0.740735716361
1.01322997037 1.48955173535 0.739040270296
1.02034784471 1.56822547646 0.745165487154
1.0156487325 1.64812601335 0.735064853366
1.0190255794 1.5064038962 0.736075533052
1.02269746469 1.58549350341 0.737509472814
1.01996760856 1.44520938711 0.730041162052
1.02729380628 1.54381193747 0.737126054468
1.02563352966 1.60174910455 0.730574766618
1.02475641545 1.46166469244 0.725666234673
1.03197505142 1.54047178932 0.732162003287
1.02884771155 1.62039519602 0.72403986996
1.03001531355 1.47871300302 0.721979221759
1.03748912234 1.55777645863 0.728918542268
1.03263829297 1.41755558846 0.718259336484
1.03573057209 1.49568988336 0.718963495346
1.03981398907 1.57516672288 0.721110171279
1.03690024293 1.43421373902 0.713137376853
1.04189673933 1.51280666169 0.716636363208
0.917942962399 1.81959199813 0.847001360326
0.903379012404 1.56046991637 0.847204653929
0.895879533465 1.63860221724 0.871907473441
0.870803071782 1.50003651513 0.880110426451
0.873044884378 1.5664472784 0.899300872877
0.840866267724 1.42598434687 0.927590397978
0.818116622713 1.49155232672 0.931892598959
0.816749780587 1.55992675659 0.953464131562
0.786331146204 1.41658514541 0.983438794463
0.76612026363 1.48469618838 0.984439136789
0.763622793391 1.31350094052 1.00844542281
0.731463055308 1.380647838 1.03716057103
0.710171523738 1.23873000579 1.04009700586
0.707256515527 1.30550090418 1.06278808981
0.677121874634 1.1640356223 1.07610454978
0.679090155531 1.30995970151 1.0891297847
0.678501920917 1.84155657757 1.07150424581
0.704411286492 1.9133625902 1.06335913583
0.743005606061 1.77292903647 1.03376135814
0.739189473761 1.8373795376 1.01215121291
0.769339580389 1.69563093718 0.998770705227
0.780199725461 1.75965967515 0.970994834482
0.804711987732 1.590082516 0.946204158878
0.833617269174 1.62488482016 0.935138945747
0.870851113036 1.5069799539 0.904906107002
0.867693139783 1.57441916508 0.905633407259
0.898434060407 1.43477687699 0.869742031798
0.907135389944 1.49775157275 0.843028710469
0.931064049162 1.357493607 0.83976224641
0.96365975961 1.42004424818 0.805600385251
0.9688505928 1.48593766202 0.781375514858
1.2438373142 1.34230316515 0.774201912768
1.26095851378 1.40811927063 0.741946891893
100 1.26456981767 0.749597730335
100 1.35359246238 0.708385929841
100 1.21408638484 0.682379525671
100 1.28137225455 0.679347474881
100 1.13742145927 0.644253816939
100 1.12434829971 0.646269863315
2.30506821773 1.09279517792 0.639521648514
1.64582009512 1.08438582419 0.716142892435
1.61677686637 1.13613968544 0.859743268489
2.00936652919 1.37871884163 1.14410435948
2.21295248344 1.48569658186 1.07064933124
1.97259423944 1.35936177305 1.0573116166
1.73031132068 1.39475244575 0.978021690308
1.48884599242 1.25047591171 0.973650303697
1.48491303773 1.25660061684 0.887578188935
1.33640134528 1.11008322741 0.805680464227
1.33144837108 1.22086816012 0.752321583141
1.31177398932 1.31931456942 0.750637621356
1.29670213348 1.39481937184 0.720202915187
1.2992355577 1.25350272336 0.702427630958
1.32268157158 1.29302508225 0.697548433985
1.27301549223 1.33829626509 0.744101959047
1.264111616 1.69590076064 0.736717353915
1.26022338887 1.79422390233 0.756920469154
1.24481972961 1.88383898162 0.755805895884
1.23613848152 1.74429230472 0.768639698847
1.22743104283 1.83090731201 0.791984270554
1.21369251984 1.91791577614 0.786307964395
1.20676356809 2.00531577026 0.801720495024
1.19504688427 1.86488624538 0.809853161512
1.18296584513 1.95159428854 0.817545778133
1.17789796321 2.0387259925 0.835263058249
1.1630356714 1.89901551611 0.839118943225
1.15270561073 1.9854435428 0.849380196083
1.14421195158 2.04427353294 0.866853459621
1.13045914666 2.03689892958 0.872582189543
1.11941009398 1.99178512788 0.881923249879
1.11528796974 2.07816294421 0.900523090102
1.09865880414 2.03918379865 0.902361655836
1.0894950006 2.11107052535 0.914030968439
1.08219111913 1.97082648523 0.927813956673
1.06729969688 2.19876260026 0.932779517225
1.06013392718 2.28570467545 0.946615441067
1.05022138494 2.34474213475 0.965809369195
1.03441713358 2.20496590115 0.965899041721
1.02656559998 2.29146816268 0.978788510625
1.01726775832 2.37834865649 0.990086650006
1.00334174295 2.46556739901 0.996684704643
100 1.72984738809 1.47722053452
100 1.66976425412 1.56037836976
0.793074846627 1.5604942103 1.66994515459
0.800037983566 1.41668723069 1.78580878791
1.02139628791 1.27304047549 1.80322711648
1.24286013455 1.15577539102 1.8958157112
1.66709485515 1.06051009042 1.85453594036
2.34964198986 1.01303187477 1.82694383629
2.35680307707 0.979151614616 1.85951984126
1.91131293668 0.956139962668 1.85267555323
1.50270362767 0.936051955838 1.44041960516
1.32634627335 0.975291815513 1.2551187186
1.17987085234 1.07019685711 0.967436331372
1.07654413121 1.20163102571 0.887137660861
1.07561306881 1.31884644122 0.885009536751
1.08355745469 1.38629695313 0.828632849536
1.13370770625 1.24424075287 0.832187734207
1.15028365721 1.10356477936 0.769673496208
1.191824048 1.19209522434 0.722120838914
1.17816450071 1.82995789163 0.741572463134
1.16481987528 1.76809847601 0.746460370512
1.15446187618 1.63652563588 0.805003491161
1.09080450377 1.49872287487 0.874654408552
1.03410507906 1.53898022221 0.877976572082
1.01886214994 1.39784350531 0.940530775993
0.959052861962 1.46241201189 0.952315595263
0.951258718072 1.32385123606 1.0102825264
0.884561580248 1.36899391183 1.07628733597
0.826155772553 1.224551457 1.08530308226
0.815444536353 1.27096242905 1.14554944445
0.749359433179 1.12477430847 1.21206916658
0.747904281784 1.25638066497 1.17978818105
0.711452988419 100 1.19419908686
0.700605259567 100 1.19525543889
0.70560177971 100 1.20682899541
0.689815463075 100 1.20526294489
0.690046426105 100 1.213905525
0.68488404503 2.40034652544 1.22189509113
0.671791984701 2.24151161469 1.22334877091
0.919568822159 2.08260996504 1.23155073424
0.913647936619 1.92375476142 1.2373306167
1.17875843372 1.76498499101 1.24049278878
1.50800254991 1.00895675601 1.50502705189
1.34262066016 0.993163902758 1.15776476936
1.2110305751 1.07217575196 1.02510562069
1.12577535453 1.37015762637 0.93578457177
1.12725072519 1.50011134632 0.892852228905
1.13878256024 1.37274654589 0.88231873737
1.1791571073 1.4314932274 0.836757320561
1.19439682956 1.31113965251 0.834508439501
1.23155031193 1.17528145581 0.784427746439
1.23943510336 1.30833580574 0.784697540113
1.24043538494 100 0.76415098735
1.23348381405 2.37797979812 0.767690187974
1.23299443386 2.4543279079 0.783440871362
1.22077295102 2.31468293004 0.780380409639
1.21778491372 2.41158719028 0.789454922127
1.21081367381 2.27646653981 0.794440272099
1.20254312936 2.35148508188 0.79790979228
1.20117398913 2.36243120151 0.81177881035
1.19090376207 2.17165388817 0.815591186148
1.18191020614 2.01270260261 1.06820864595
1.17988633686 1.85381623011 1.33276600304
1.17041428708 1.69501810721 2.35108938864
1.16311005089 1.53633664061 100
1.16290142709 1.37781235108 100
1.15043218452 1.18787933806 100
1.15162511262 1.11672843475 100
1.19647490937 1.08508156188 2.06598631539
1.28758461758 1.07801627666 1.43601367265
1.39853479728 1.10272489022 1.43600337445
1.24357249242 1.17167829983 1.43246861603
1.11698046147 1.14321591336 1.46209462693
1.11520653729 1.25566006476 1.46119667625
1.01968180863 1.3527112467 1.45308583906
1.01772342815 1.22364812254 1.44523397567
0.921238821117 1.0860098903 1.32142435274
0.836091540685 1.14200773493 1.30981422156
0.8357076686 1.31989581544 1.46986063394
0.809049802542 1.90116457646 1.70581607667
0.816638580175 1.77581076291 1.43934119152
0.821930670519 1.86249959337 1.43373906043
0.824112411457 1.94743970397 1.17610549002
0.836336879688 1.80712155358 1.17506992206
0.789127184489 2.21934471319 1.22695600537
0.790021123012 1.68072102773 1.21026150216
0.798079273891 1.77478715201 1.20992674789
0.799552834137 1.86018020232 1.20540708115
0.800216575409 1.71958007334 1.20029688197
0.811161548094 1.80192402319 1.20206673672
0.807931598981 1.88497230123 1.19429623148
0.811164175713 1.74385977712 1.19087555037
0.821385441117 1.82613455686 1.1922576282
0.817008692473 1.90917557449 1.18360225933
0.822677266917 1.76802553848 1.19420676792
0.828574473235 1.85032223418 1.42968130622
0.828066122254 1.71759502895 1.69660217734
0.832630846056 1.55861567032 2.45960049245
0.840369935152 1.39972346413 100
0.837494407631 1.24095188818 100
0.844415543912 1.08235402991 100
0.842839369895 1.01115814315 100
0.878003709414 0.980702601222 1.94334624879
1.11458843145 1.04653642449 1.7205203491
1.13971896248 1.16239776895 1.91438272712
1.02919941979 1.31728862777 100
0.971853811389 1.6144976573 100
0.938976986117 1.69083344343 100
0.916472035362 1.5527441539 100
0.911318788332 1.61787001268 2.18462116792
0.882017843948 1.47788260135 1.67822359657
0.861926834488 1.54220662424 1.41635771521
0.852891741873 1.60938371888 1.41212082894
0.825542883965 1.46646352155 1.19437817424
0.829735873464 1.5334125544 1.19490797005
0.794791523327 1.39075031043 1.22080394218
0.769686945227 1.45744980886 1.23047290281
0.774425962595 1.28708057877 1.25336341354
0.737511807214 1.35277994718 1.27844953047
0.71105853095 1.21155909055 1.28932976117
0.714744474403 100 1.30958761542
0.679466972103 100 1.33609905556
0.652523435608 100 1.34821187545
0.656007093451 2.48929620053 1.3664752148
0.621878712685 2.33631542524 1.38255681307
0.601369569189 2.17833353691 1.39977928584
0.595914399537 2.01959686111 1.42310357793
0.814620399836 1.86077040046 1.43657702059
0.818700690958 1.70200423866 1.45560597935
1.32470596227 1.54335289088 1.4803106594
2.076995905 1.35318982769 1.49550808325
100 1.19498167463 1.51411339891
1.89488548987 1.11220180018 1.53986177403
1.46400498988 1.09065800539 1.68183084959
1.27007618077 1.05923519599 1.67453875026
1.46823016711 1.02916424294 1.69253813484
1.89437226104 0.98958767102 1.62433921639
1.90024005795 0.960518239824 1.69374072526
1.49425228529 0.934341942756 1.44894318355
1.31983096254 0.972945961357 1.26193470194
1.17687203243 1.06101593857 1.09780935631
1.17816707707 1.18773819839 0.965749297234
1.32470244646 1.34604944205 0.878314517968
1.32313676062 1.48231400342 0.84125572548
1.12651621251 1.35583548331 0.836028858109
1.11460134982 1.42000406434 0.798182865477
1.0777135804 1.88344747648 0.820311192408
1.07315496809 1.74585977401 0.838533546954
1.04194941228 1.62227700558 0.886635836133
1.02654544552 1.68068229402 0.885396134258
0.984681910078 1.71126334964 0.927515977149
0.984574474348 1.56786259714 0.974834390793
0.936587809651 1.42775250665 0.976223953718
0.896674989932 1.48269120761 1.01708100292
0.894086027672 1.34230969255 1.02973645635
0.847135552367 1.39753381467 1.06452713473
0.805625417172 100 1.10694701883
0.804090377832 100 1.117368444
0.757933386328 100 1.15327787342
0.722625875685 100 1.19674230002
0.713315735068 100 1.20387880167
0.669277883999 2.42998127769 1.24219242024
0.676532967595 2.2745557842 1.25831005948
0.622634942738 2.14303196945 1.28959240663
0.835260194868 1.99011603864 1.33100742749
0.82397464801 1.83339480168 1.34067249148
1.07808055417 1.67617549403 1.3778361826
1.5748319987 1.51920031307 1.39548254946
1.83535565678 1.36273812707 1.4282474143
2.33193207393 1.20702661632 1.46677639278
100 1.05240699549 1.48188253339
2.16039636386 0.972221428637 1.56821616938
1.74279859403 0.958875343891 1.46017113021
1.38420881692 0.992624409563 1.11762359868
1.24824358573 1.07927116356 0.989226059322
1.24856636692 1.20433267973 0.987552448301
1.2389935655 1.31763741757 0.900987348154
1.22836562582 1.19022730852 0.837087504312
1.24677679935 1.16546399221 0.769274683032
1.24511914796 1.57847005253 0.769274683032
1.24527859942 1.9931861464 0.771155993497
1.20860973815 2.04095073966 0.809327480789
1.1784890917 1.90225035359 0.821558109305
1.16380201936 1.96086514406 0.852138253972
1.12820599876 1.81972243323 0.892243070627
1.12303175458 1.87801595626 0.900560178123
1.08103325466 1.70876171105 0.935583264618
1.04446890721 1.76652560096 0.9742491161
1.04144991628 1.62566219826 0.98459481376
0.998857832882 1.68354940161 1.01690165845
0.964069235632 1.54256250849 1.0570546346
0.958296014165 1.60058635049 1.06434452018
0.916984408558 1.45946331224 1.09859974966
0.884309354733 1.51763874626 1.14001185822
0.87527364743 1.37636472713 1.14467941254
0.835501778147 1.43470927384 1.18059866953
0.839738142758 1.2932668721 1.19476907526
0.792424157807 1.35180127048 1.22548440964
0.754536558344 1.21016989758 1.26283981877
0.756056551217 1.26891894441 1.27421485481
0.710508624944 1.09928114745 1.30908368365
0.688561408821 1.25504281934 1.31426441155
0.693645003548 1.58897620488 1.3115759899
0.70304915029 1.65736282799 1.29695165671
0.720671030594 2.45647388473 1.28878099927
0.729188150021 2.3163297252 1.27541815275
0.738377753847 2.38677025694 1.26233651628
0.758657630263 2.24693254997 1.25584845286
0.762437671973 2.31688643374 1.23943723136
0.774503831029 2.3883197686 1.22802630855
0.797031879631 2.24710953709 1.22033413073
0.796525838159 2.23161759589 1.20384532932
0.811197445661 2.07301381781 1.19420698171
1.0820417033 1.91453605733 1.18352917113
1.08133700563 1.75621843259 1.16867971842
1.60048793882 1.59810853673 1.16092283108
100 1.44027478346 1.14708196847
100 1.28281910382 1.13398008152
100 1.12522725062 1.12963914143
100 1.05361564184 1.11825910625
1.78784764109 1.0225917847 1.15103022782
1.34941979684 1.0154767756 1.35478265984
1.3288321895 1.05048069757 1.32900484905
1.32905880761 1.0212988241 1.1726593712
1.33149302545 1.09983109314 1.1687404921
1.33053803726 1.22031603647 1.03708586566
1.53167499068 1.15641866976 0.94184516198
1.52688744592 1.27321494773 0.938086024045
1.73147702977 1.53045718985 0.879213068557
1.23627706613 1.41591069778 0.835694242074
1.21966924354 1.28136326168 0.805511684937
1.02196448093 1.31279224748 0.799032567124
1.01044376809 1.37498592913 0.75741591708
1.02386779359 1.2313014056 0.72616923683
1.05232927382 1.29357180711 0.719969025307
1.08851958863 1.1496231993 0.680051780222
1.08968401694 1.29322354695 0.680581456239
1.07989479642 1.6239356186 0.670631187621
1.07058495747 1.71973652748 0.686815272496
1.05818891049 1.83296148437 0.695181660616
1.04510303349 1.69715623451 0.707134988402
1.03750457274 1.78666502461 0.731506845673
1.01836258109 1.79396476538 0.732254041722
1.00732529882 1.8626892782 0.74811750518
0.996027542628 1.82444669906 0.774688451707
0.978805583279 1.79166396302 0.771194931592
0.978569317586 1.86186756983 0.789655149371
0.954954728364 1.72075579423 0.800205195162
0.939813229752 1.79048641234 0.810859462319
0.936131288408 1.64998944181 0.831641461777
0.914332100197 1.71920249966 0.837828166493
0.901462326452 1.7904801162 0.851141302442
0.894026080625 1.64802852773 0.874011860938
0.874222394995 1.71886906601 0.876230947788
0.863838350121 1.5769793856 0.891956790833
0.852303013741 1.6473396271 0.916713093461
0.834699558509 1.50607274009 0.915315389249
0.836122730214 1.57590291241 0.933235911932
0.811021067691 1.43532970975 0.943685735988
0.792781238137 1.47629569186 0.957243385958
0.793854220393 1.57039363587 0.97469007231
0.770214484634 1.4322383352 0.981807860224
0.757742831403 1.5042363457 0.995214647417
0.750816071189 1.36225028939 1.01695569468
0.732026642109 1.45583697591 1.01805698673
0.733824820466 1.31823768671 1.03600802253
0.708272503204 1.38974177051 1.04507155572
0.694249909214 1.24841019481 1.05749863449
0.690690673729 1.31843786335 1.07771129969
0.667640030703 1.17774912328 1.08340126463
0.675738934084 1.53683316822 1.09415491958
0.679503289173 1.68236206369 1.09123019227
0.727933758633 1.55294811831 1.04303142259
0.789352494564 1.60372375897 1.03220354282
0.791250501822 1.46147939018 0.976749448702
0.844814476885 1.51107591849 0.977019718097
0.906770008573 1.36744938691 0.915079438735
0.910347755818 1.38900610044 0.858235249815
0.961918020334 1.26783645331 0.860212368681
0.974751737149 1.13173758484 0.79801599746
1.02067044511 1.21912103383 0.75225927874
1.01282689954 1.53906323145 0.757292884266
1.01708996546 1.40672039519 0.735845455165
1.02471823972 1.48290910649 0.727449725478
0.946467521007 1.49977497309 0.8038369467
0.95018865303 1.8566048323 0.806437816534
0.945360401312 1.72719617428 0.805547566043
0.950034785606 1.81150047209 0.816835939266
0.941471549432 1.86626374355 0.814021304218
0.936400922108 1.72552480531 0.814131934412
0.940101660275 1.80724030242 0.824294473297
0.933399655977 1.8613460583 0.823743568287
0.927351929641 1.72105811428 0.822804477975
0.930152026565 1.80248004966 0.831814571247
0.923492180044 1.88474981082 0.830227426804
0.919574392949 1.74434868969 0.831723465971
0.920286015668 1.79780195027 0.839477047815
0.915303254398 1.87981290097 0.839810988831
0.910393613345 1.73993267708 0.840253573006
0.914498466537 1.8211393353 0.85042581529
0.905649635142 1.90320405284 0.846655165889
0.902923165914 1.76320587688 0.849471034303
0.903734573846 1.86694303891 0.85511421659
0.896781222525 1.75421515468 0.853286309743
0.899497493096 1.8140319234 0.861755090075
0.893224754086 1.89588218444 0.860854964995
0.88875954417 1.76602942029 0.862032295093
0.893844610336 1.83675943303 0.872723474708
0.883713918938 1.91913468809 0.867928851073
0.881716688654 2.00176958246 0.87147726699
0.883786810176 1.86087616894 0.879109052993
0.874724628261 1.94267007312 0.875558967037
0.875021678495 2.02521935801 0.881379760431
0.873127464129 1.88420421435 0.885000556431
0.866284851942 1.96604837047 0.883759551237
0.868908372465 2.04863886003 0.891790527619
0.862977664665 1.90753047468 0.891474128223
1.10830134311 1.98942844369 0.892504112254
1.11064574461 1.87187753036 0.900601913306
1.37765809098 1.7431791931 0.89712647496
2.38708732307 1.58498501513 0.903539916266
100 1.42601140874 0.905903555626
100 1.26692217414 0.905469592183
100 1.10786744535 0.914085617356
100 1.03631497834 0.910518269131
2.08875901293 1.00478882021 0.949350099086
1.47666893024 1.04710370353 1.18247011159
1.50923792813 1.13006470817 1.07180809127
1.5081199713 1.25330590065 1.070041742
1.71399883749 1.33536133871 0.982636548005
1.4697613346 1.38695428249 0.911545816062
1.46445765202 1.24352742158 0.90975892817
1.3069043149 1.10201786241 0.832189757979
