7
10.0636811256
16.9844961166
16.3275392056
12.4547331333
21.5761749744
15.4774270058
24.898597002
16.9556028843
19.6229040623
14.5720818043
15.9216749668
18.6056239605
12.7657330036
24.9180099964
16.9431529045
16.005398035
16.3938140869
12.39123106
20.0628509521
14.2522170544
28.0249919891
16.8929920197
14.2174978256
18.782271862
14.0587439537
18.0604829788
12.4695670605
26.2941849232
16.4476239681
14.2092440128
19.286039114
14.6064708233
18.9327349663
13.4229719639
26.5854828358
16.7608420849
