7
13.1705172062
20.6847169399
22.0654981136
21.1841430664
31.0598521233
18.5387780666
44.8924820423
23.8149709702
20.0493431091
21.178771019
19.7955908775
29.3792848587
19.1507778168
46.4429261684
23.1480431557
18.4978349209
22.0346729755
19.761300087
30.1210339069
18.9613499641
41.4616918564
22.9899737835
16.2237710953
21.2823801041
22.4677410126
30.5376670361
19.5588550568
42.7069339752
24.2915508747
16.5209839344
24.673306942
25.3548419476
29.4219830036
19.2420239449
43.6963620186
23.7561490536
