100 2.01556443707 1.0
100 2.21469976683 1.0002860248
100 2.17656380261 1.00222574583
100 2.12983195526 1.00711784666
100 2.0788159572 1.00262407617
100 2.02579351941 1.00006928359
100 2.1911178796 1.00126853356
100 2.13533364111 1.006397594
100 2.18813027127 1.00144314443
1.77337794243 2.04777221246 1.00068428693
1.25650185161 2.12734683075 1.00745582579
1.25040186531 2.2077610696 1.00050228624
1.0017354164 2.06694496656 1.0017354164
1.00502974547 2.14671669843 1.00502974547
1.00004787752 2.00707405728 1.00004787752
1.00326318982 2.08614923758 1.00326318982
1.00307722712 2.16613048729 1.00307722712
1.00007352683 2.02610237391 1.00007352683
1.00526637733 2.10540621633 1.00526637733
1.00160040359 2.18559148438 1.00160040359
1.00057916389 2.045188417 1.00057916389
1.00774215586 2.12471464583 1.00774215586
1.00060137699 2.20509847539 1.00060137699
1.00156406163 2.06433059234 1.00156406163
1.0077967146 1.86119119641 1.01047431979
1.00643441365 2.01784604335 0.993604925238
1.01159806517 2.11419689978 1.00167971819
1.00366821695 1.98217803627 0.997949942231
1.00039187677 2.03247771857 0.999982032944
1.0040356147 2.11090699254 1.00804935467
0.996971871468 1.97082566411 1.00545013288
0.994393612713 2.04849210644 1.00732207931
0.99829324335 2.12718604817 1.01556425893
0.989454784006 1.98647842486 1.01128849587
0.988887261592 2.0772205747 1.01512756046
0.989292739273 2.15785916896 1.01989625402
0.982416688146 2.23926614928 1.01761146394
0.983885567896 2.09965269587 1.02338831857
0.980746879793 2.18038145955 1.02472414804
0.975867757566 2.2618644988 1.02440973985
0.980881763528 2.14428384933 1.03281355781
0.971938392767 2.22981855289 1.02852166082
0.97203078884 2.31253022224 1.03289975293
0.971345894754 2.17227537674 1.0365528658
0.965044381174 2.14710519769 1.03495878456
0.975624162543 1.98783404592 1.04129390993
1.21243918104 1.8285709312 1.04155939967
1.22936533075 1.6693251937 1.04190449895
2.23958555712 1.51010377558 1.05010946496
100 1.35091557393 1.04705014812
100 1.15995291814 1.04884695142
100 1.08843345428 1.05189791506
1.67025823513 1.05756945863 1.13293700882
1.46317125334 1.04085516643 1.24464886304
1.45740408642 1.08704930661 1.31223407775
1.45723097737 1.17419106171 1.16429422483
1.66082654424 1.30305224072 1.05087235911
1.86223995048 1.39123771452 0.977145033493
1.61051018091 1.44817612525 0.920104852791
1.35889621931 1.30688753071 0.914756681458
1.35199455635 1.35510738946 0.851130310752
1.17976421101 1.21039489664 0.796077329149
1.17495027727 1.23050970246 0.790594876966
0.797841473208 1.13417404215 1.16241272264
0.795156986564 1.11660074781 1.16433579613
0.79400198973 1.2866297755 1.16558729718
0.750399888523 1.22226601046 1.16514902969
0.742213043465 1.09718035429 1.17574148821
0.708684027461 1.23276836437 1.18640228725
0.719917320867 1.55148673378 1.19321168639
0.71413871634 1.64299636859 1.18136465446
0.724012984736 1.72947038642 1.17672742801
0.732160769282 1.58942747477 1.17133458704
0.733674808781 2.31480454338 1.16135237429
0.746381067482 2.17501223092 1.15846090852
0.749701036321 2.24905861447 1.14996130055
0.754061336556 2.32430891447 1.14168829605
0.769242684048 2.18354490363 1.14064114568
0.768020322998 2.25826554166 1.12897966574
0.775039474671 2.30562043778 1.12026455828
0.791740361362 2.1868416735 1.12086424846
0.787137224169 2.22951036481 1.10838134361
1.0458761492 2.0714538822 1.10371667388
1.05378133367 1.91263301622 1.09859658808
2.07154339193 1.75371142664 1.08827245458
100 1.59483738328 1.08551095488
100 1.43606334512 1.07710267822
100 1.27743418893 1.06859558841
100 1.11901311298 1.06780698132
100 1.04778149862 1.06010909697
2.08107634132 1.01614440538 1.09453995433
1.65996392337 1.00903432319 1.17882735969
1.47070788938 1.03198981824 1.30627604904
1.46895187854 1.10322354925 1.19603398876
1.51093102153 1.2194023392 0.976370528169
1.50019029501 1.32456011634 0.970643939788
1.48625487899 1.19721186325 0.894904391499
1.48367008385 1.31544472601 0.88905739309
1.46810445804 1.42433910154 0.843680050968
1.44986577352 1.50061536397 0.822745369899
1.4461448063 1.57184342938 0.821280596162
1.22334867942 1.42974315591 0.793816657453
1.22450050106 1.49862094871 0.776584856347
1.24589786126 1.35658184564 0.770688134513
1.25592633506 1.42495328721 0.745386912239
1.27236652622 1.28342602482 0.75416408285
1.04956725368 1.66812371403 0.969589389481
1.04282090246 1.42028349949 1.01873194635
1.03846736056 1.29483196772 1.33643081658
0.952889545165 1.30035276441 100
0.872270168441 1.15694759871 100
0.868381757054 1.27276023561 100
0.815942137837 1.38051118932 2.4477172401
0.789402654516 1.45635017717 100
0.769342076857 1.49851058551 100
0.761034085209 1.35557535758 100
0.73460960152 1.22011066596 100
0.74108682949 1.06211485323 100
0.709587872899 0.99110482726 100
0.74110730067 0.959449533197 100
0.844407542162 0.952349681043 1.86009917838
1.00005593494 0.990737726222 1.82847420804
1.05667281882 1.23051746743 2.4203050079
0.970231225458 1.34304138539 100
0.909341196839 1.40466572382 100
0.858790944291 1.2658796008 2.33787577941
0.847092693983 1.31396825349 2.08331267856
0.789118978489 1.1708751999 1.59791277734
0.786844569711 1.30107619948 1.82414761132
0.758987038742 1.61280904032 100
0.754329354641 1.70030960865 1.76742305436
0.76189925597 1.56006034656 1.50154449966
0.753220859296 1.6398834346 1.2650894261
0.752583151124 1.49962603851 1.24987104312
0.758312087055 1.57828838483 1.25485728035
0.749420280943 1.65816666894 1.25103712723
0.751437366543 1.51723384987 1.25377624153
0.750098911467 1.61891957357 1.25425879645
0.747120870506 1.48331876346 1.25396070016
0.755647169919 1.56275118509 1.26057115766
0.744756461696 1.6655753445 1.25535425489
0.748669221801 1.52872744487 1.25915361947
0.746359645826 1.60899092504 1.25929500739
0.742071078307 1.46916575962 1.25828032619
0.744683835747 1.51965877229 1.26164702169
1.03875084177 2.07903254338 1.02903153775
1.03491540667 2.0140456599 1.02681329347
1.03684053963 1.87632082904 1.0403680437
1.08338200246 1.7245762107 1.22162444264
1.09366485742 1.57072874542 1.23636194629
1.13475785436 1.41736726533 1.72986384046
1.18274727504 1.25945007753 2.22348021978
1.19053900213 1.10149374337 2.48264959897
1.23321445269 1.03066834925 2.26710313601
1.42542499531 1.0404529751 1.63051533866
1.22086651524 1.01552096324 1.44357242129
1.08158201169 1.07686371979 1.44185366148
1.07897209836 1.19070067058 1.49493562998
0.975732278681 1.16240512167 1.49539609885
0.975110618532 1.51066714093 1.72031663434
0.926159557905 1.65365642187 100
0.907315811187 1.73997674539 2.14822257725
0.899805562558 1.60332831845 1.39320648807
0.888761230965 1.67431929099 1.37543334687
0.874268443319 1.74679598189 1.15597451841
0.8754659346 1.60516292563 1.14159052144
0.85382719525 1.67696624069 1.14933085735
0.841676082817 1.53605852151 1.15961081339
0.83899312342 1.60724888628 1.17696629104
0.81907402996 100 1.18520262215
0.805902006916 100 1.19483865904
0.805313191238 100 1.21135867941
0.784376139969 100 1.21740875771
0.773807975799 100 1.22880239544
0.768916136435 100 1.24368282039
0.750257085111 2.37683046087 1.25009560268
0.742533247796 2.21789071712 1.26314976761
0.732946666608 2.05901633577 1.2750454567
0.966795221142 1.90022371142 1.2832264222
0.968040954987 1.74153520793 1.29785031728
1.47814752611 1.58298213888 1.30690894015
1.99031670276 1.42460972485 1.31676770453
100 1.26648573969 1.33287646051
100 1.10871648047 1.33923752237
100 1.0380005263 1.35129500901
1.65903539116 1.01340364409 1.48171086056
1.27261021642 1.05159369894 1.30870207348
1.27383149179 1.02270545391 1.30689054318
1.45435408654 0.997621645876 1.3045095071
1.45751738482 0.969780749983 1.29958753983
1.28778742621 0.940795542292 1.13024224456
1.28671145623 1.01915257967 0.991185088517
1.38118845133 1.13916363487 0.893838841029
1.61665319057 1.51035181251 0.856346140055
100 1.88025776412 0.858459842755
1.81111025774 1.75630284874 0.857141418548
1.28987932717 1.81236580722 0.864191363912
1.2855899657 1.89406551461 0.863167038399
1.03253703183 1.97622174165 0.863355869659
1.03708868191 1.83516143203 0.873025041341
1.02877971421 1.91651111345 0.867931594348
1.02731119638 1.99866081781 0.87043441437
1.02961767214 1.85740796886 0.877894241885
1.02270334847 1.91063751699 0.874950141216
1.02204554887 1.79347687875 0.877630211474
1.02156712135 1.87854666318 0.881640416565
0.815483075956 100 1.08910626645
0.815876103648 100 1.10211547946
0.77092396619 100 1.14081690448
0.772397986563 100 1.18843113296
0.719559446562 100 1.19384692613
0.680838758795 2.48229328152 1.23592209119
0.672751805031 2.33206263088 1.24655770825
0.625012247763 2.17790620852 1.28622219412
100 2.02038559158 1.33212930992
0.820848667674 1.86298230039 1.34038131132
0.832297035205 1.70590315442 1.38161763807
1.32675971471 1.54928240372 1.39796624902
1.82135626469 1.39328196467 1.43476999187
2.31600087885 1.23813784125 1.47723796147
100 1.08421800855 1.49119667701
2.13748804634 1.00449543026 1.58646426884
1.52963865643 0.962941805693 1.48171632167
1.36275260405 1.00107402699 1.29734985664
1.22859673188 1.08421220607 1.13574991122
1.23031754848 1.20571894356 1.00575359041
1.22219051188 1.29188307443 0.914720865581
1.22118152536 1.15912793783 0.840892866543
1.23249816315 1.23528891128 0.785868415369
1.23384647153 1.36466950229 0.782551085463
1.24636906287 1.44485765331 0.753950664711
1.26873041 1.3037741299 0.753601149206
1.29797159166 1.37056634323 0.717689123559
1.30726639604 1.22677764952 0.69290429632
1.33178264277 1.2929607942 0.687898641916
1.34922708576 1.1491434642 0.654040343065
1.36255163567 1.29607246292 0.655164774767
1.35163922413 1.65591868946 0.648997300469
1.3415548803 1.75694845788 0.676090406324
1.31897854002 1.8504767819 0.681991559187
1.30268038827 1.94258113609 0.701613419581
1.28723347206 1.8026645956 0.732748733169
1.04632482033 1.73044980413 0.969409930755
1.0389724194 1.47936996934 1.02762633152
1.03338001494 1.53882941087 1.03273260934
0.96415851339 1.39722785633 1.0977243737
0.902535005658 1.25634501506 1.1130678464
0.891823584445 1.29648558924 1.17289553757
0.821389123021 1.12531168614 1.24019018895
0.77619431626 1.24752518674 1.24500341183
0.778557983931 1.54911955488 1.24031674291
0.757755928 1.41573292702 1.2452235023
0.74936788203 1.49092910562 1.25229926914
0.750260339991 1.56682107771 1.26492910418
0.73363830441 1.42465408374 1.26723197995
0.728139111068 100 1.27606605256
0.724327880871 100 1.28581380946
0.710231252196 100 1.2898074958
0.70768566164 100 1.30019332877
0.69891430276 2.42630710815 1.30716244863
0.68982415132 2.29280506334 1.3121262496
0.690326477377 2.13899718831 1.32359442827
0.673888660336 1.98119954578 1.32657134694
0.918694320723 1.82268643016 1.3359085642
0.912631438389 1.66413499309 1.34456766749
1.17704303689 1.50571398391 1.34928813283
1.93628941801 1.34750669077 1.36011403948
100 1.18960612306 1.3661316167
1.9889089858 1.10705071435 1.37380779463
1.31386953982 1.06475826709 1.49138944539
1.31570522428 1.03352798487 1.49617481084
1.53214597887 1.00363025219 1.49978396791
1.32633999061 0.977803197908 1.50085443342
1.32847851992 0.956262530169 1.52239475059
1.5376955355 0.930267716291 1.51198617909
1.54324422188 0.90044740022 1.59999471306
1.54537886373 0.872415441812 1.50632796582
1.5497638147 0.843861981443 1.50217497555
1.18816825639 0.856657608379 1.11816613751
1.1903404181 0.936458027179 0.961920802539
1.1886677008 1.0553250437 0.844486823639
1.29341586963 1.2051031729 0.843791820938
1.28556970563 1.31296634278 0.776136343048
1.28424645779 1.18062750845 0.731751146257
1.28882651796 1.3213147773 0.729378098174
1.28341520367 1.64613553147 0.716940175862
1.0289242089 1.73920946951 0.72882623966
1.02024349393 1.82707979927 0.736563668287
1.0074227772 1.65873591577 0.7429087162
1.00513514927 1.76656642257 0.756385493448
0.993517289423 1.85721923881 0.759935012875
0.984343171392 1.71780753806 0.767278107103
0.982747672229 1.80337234444 0.785373428358
0.967246909608 1.88934453517 0.783838401818
0.960209207619 1.74958242534 0.793967775424
0.95501353776 1.8347384012 0.814262006424
0.941468808907 1.76414017864 0.808605820499
0.936659118454 1.83731903765 0.82119346175
0.92769538164 1.69753156033 0.828972659852
0.916222157463 1.77003994965 0.834019511543
0.913762244568 1.84421352324 0.848902525577
0.900827185433 1.70300774943 0.852474181983
0.891552327778 1.77656832868 0.860021348989
0.890735671657 1.63625279425 0.877049193177
0.874450404162 1.70914024465 0.876659447065
0.86750853522 1.78371848166 0.886559580676
0.862760284293 1.64195601888 0.898510263816
0.84861086189 1.71592201201 0.90147342477
0.844144275846 1.57504685727 0.913587463636
0.835226660133 1.64833823089 0.921528417188
0.823359140804 1.72334538644 0.926865620926
0.827623462281 1.58099441434 0.941062809587
0.808179951305 1.65539157698 0.945204500328
0.798750993006 1.51392258572 0.952789807458
0.798926301531 1.58764513288 0.968947554677
0.781670702942 1.44716056317 0.969490312199
0.77484773805 1.52013377879 0.97920373232
0.770654831614 1.5949902169 0.990912890389
0.755755473838 1.45289028682 0.994341177718
0.75171662197 1.52707393716 1.00606882261
0.74285765659 1.38595364579 1.01414133564
0.730497487256 1.45938674439 1.019715786
0.733200829215 1.34149165974 1.0337292246
0.715520403515 1.41910365937 1.03517448073
0.725246769511 1.30239826772 1.04607918467
0.70254158202 1.37992733373 1.0518451537
0.692226191438 1.45588650154 1.05893488501
0.694936991938 1.3137907741 1.07388759217
0.675658346299 1.38812151873 1.07597877211
0.668396787935 1.24691109196 1.08513472722
0.666115097119 1.32038170928 1.09727875924
0.649482301732 1.3959511864 1.100766599
0.645445068613 1.25291815319 1.11175884256
0.637803832757 1.32776223229 1.12060281484
0.624053958221 1.18578786706 1.12603234254
0.623968241594 1.33926348226 1.13102107597
0.639612100034 1.74075785522 1.12818173734
0.68738517374 1.80602582558 1.09113582841
0.740590723339 1.63918300897 1.08275752534
0.731444986015 1.69402483905 1.03635022678
0.778297425414 1.55320627901 0.997448163325
0.784513474301 1.60810824498 0.989825484026
0.823329003129 1.46690909405 0.944615898625
0.871470493788 1.52217523274 0.907757945793
0.874607892975 1.38061560662 0.897015989236
0.915530451451 1.43630085383 0.853246602521
0.96469338189 1.29434202254 0.855524590554
0.965337972642 1.35049943963 0.804351434505
1.00795909592 1.20809323106 0.762378123536
1.01493771697 1.36204781982 0.752841107806
1.00715280343 1.74130832988 0.749169809131
1.00108237571 1.84292139558 0.754162194884
0.99243056085 1.70508868077 0.758440626766
0.992255207313 1.79049570451 0.774078402335
0.978955703887 1.87597989858 0.772913354913
0.972470384156 1.73525850176 0.780494729939
0.970260343076 1.81985631597 0.798459728697
0.957351470996 1.90504631202 0.793012257492
0.953006858121 1.76467898613 0.803122526516
0.947151526816 1.84910361836 0.811367292873
0.936251913033 1.93413020894 0.813772491435
0.938196408749 1.81632790384 0.828490322971
0.92421504227 1.90530396714 0.827050927567
0.918548908315 1.99131772852 0.835376006522
0.915234215004 1.851256532 0.846274573058
0.902777417457 1.93567651207 0.847328145432
0.899416830522 2.02064792079 0.858105161984
0.75 1.45773797371 1.25
0.881525123828 1.95941047198 0.868521936668
0.887125443202 2.04867665577 0.881214792039
1.11984900623 1.91587072206 0.887926539404
1.13237850469 1.78218396134 0.889910553657
1.89141247524 1.62797255936 0.904832032147
100 1.46966801557 0.903762887218
100 1.31055344222 0.911926406041
100 1.1512875194 0.922716013854
100 1.07962774586 0.923974665241
1.83969108781 1.04824631063 0.97318402724
1.43805149459 1.08588783161 1.07535480866
1.43815177302 1.16435404098 1.22059489467
1.47014309786 1.27288553077 1.10863025037
1.46414071133 1.18362734885 1.00801435867
1.46218841017 1.24941035542 1.00005675279
1.451038538 1.33069399241 0.921853949026
1.44487614521 1.38875683771 0.861298094576
1.27243196118 1.24581430466 0.8635695818
1.26531509774 1.10522951441 0.796428520039
1.26806965085 1.23055907196 0.752339828353
1.25946803562 1.53690678952 0.75011240947
1.25954093686 1.62314423267 0.743843861739
1.26088629995 1.48359654181 0.740509634859
1.26841500509 1.56214544886 0.747731550893
1.26492893047 1.64174266849 0.736186708438
1.26794197646 1.49997249862 0.735731027717
1.27267592725 1.57871026063 0.73825768565
1.27078697364 1.43833134838 0.729326349744
1.04359513397 2.02642846351 0.956571795163
1.03147402998 1.5387188507 0.984690097829
1.02552986875 1.6009733645 1.03602953235
0.973739681157 1.4619899489 1.04264855296
0.93003080325 1.51367905473 1.08925607631
0.918889903997 1.37171528198 1.14283216117
0.868399064451 1.42377303036 1.14723258286
0.870177381431 1.28099502778 1.19530593456
0.812393912395 1.3339572755 1.20936297772
0.763438719881 1.19036914911 1.25227358311
0.760775195411 1.52758726798 1.26021629141
0.746831356402 1.8962415631 1.2532211063
0.767496599181 1.99846129837 1.24807507964
0.800844766715 2.08740802001 1.2238802963
0.794757626659 2.15337836888 1.20644952322
0.81933094275 2.19244524347 1.19629537132
0.850972935029 2.05143760648 1.17125896031
0.847543210912 2.11818159785 1.15320028188
0.871792864851 1.97751141011 1.1438810765
0.881211698449 2.04393714639 1.12041432132
0.898370014758 1.90364713065 1.10430481851
0.924607944773 1.96973117442 1.09177110917
0.930211437072 1.82985564611 1.07003096124
0.9497187539 1.89556888472 1.06760423995
1.22477302467 1.96348864082 1.0400106449
1.22989486205 1.82145564031 1.02017743806
2.25142569645 1.74550302003 1.01462149818
100 1.58703783307 0.988654577356
100 1.42877227675 0.970935372377
100 1.27078094044 0.961921255161
100 1.11318058863 0.937769348126
100 1.0618662228 0.936044936025
2.23765368289 1.03892905499 0.944143153086
1.57287434534 1.03375858999 1.01198624195
1.54099753252 1.17309729108 1.2387111844
1.93421954125 1.29251925186 1.1156470485
1.92296001495 1.39421377659 1.02772532681
1.68103272819 1.23852346517 1.02328400118
1.44502781762 1.2934552141 0.93100694117
1.43299167877 1.15176680313 0.847266860278
1.43242983387 1.27084023707 0.840814465806
1.41662229592 1.35513718094 0.788019131313
0.914950456693 1.67093846472 0.996683345784
0.912937873811 1.38678899335 1.00361338755
0.867459183048 1.45254491874 1.04473066354
0.864185855794 1.31179098456 1.09548113829
0.811299664785 1.36694266582 1.10127354578
0.767782869888 1.22310718 1.14648159106
0.7612107215 1.27873346018 1.16217790174
0.709459516811 1.13399593213 1.20204492392
0.709871518616 1.27240063301 1.21004983646
0.687578023756 1.59593376746 1.2114436283
0.692014677755 1.48535155776 1.20784983552
0.699214470947 2.47290045202 1.20442790736
0.699031318296 2.33345783573 1.19600830296
0.71080227294 2.40946003263 1.19454534932
0.712209210619 2.26967305078 1.18732873382
0.71521088041 2.3448904647 1.18063968519
0.729609042149 2.42117523316 1.18092661872
0.726237518746 2.28054318068 1.17067571454
0.733404636655 2.32576207332 1.16785722244
0.738728956045 2.17154058139 1.16324740774
0.989821026507 2.01325137366 1.15533567626
1.25346145181 1.85415808832 1.15460564513
2.01878616337 1.72040910113 1.14611239146
100 1.56623713111 1.14244198077
100 1.40800476205 1.13931362967
100 1.2489860977 1.13022816163
100 1.08984583243 1.12842581633
100 1.01824227208 1.12332233999
2.25799407527 0.986767356363 1.1513842298
1.43934408328 1.01379646089 1.34422457975
1.43942394835 1.08674343556 1.22193087763
1.48975842735 1.19350206165 1.08415045264
1.71121999058 1.33057458024 0.984730226784
1.93181956754 1.45263653664 0.930109790674
1.43666779185 1.5246012992 0.897073308921
1.4181356167 1.38654349254 0.887197191669
1.41671864406 1.44478691635 0.847381345838
1.21246850761 1.30359478159 0.849929443538
1.21470075754 1.36149540791 0.802703962298
1.2530085667 1.21996452151 0.764854227216
1.11888327466 2.0193463903 0.885745643376
1.11238223521 1.75723665936 0.903205688928
1.06859753363 1.60558719823 0.953680466032
1.05297443593 1.65779778111 0.967992723233
1.00423408976 1.51651812785 1.0115909171
0.957578596645 1.53853291157 1.30962911984
0.943184198613 1.39678811071 100
0.893061997209 1.44749577455 100
0.891083681317 1.30497972606 100
0.833866227627 1.3566618272 100
0.782008822619 1.18511708909 100
0.76107055753 1.31445716771 100
0.758107175429 1.19685581684 100
0.76899543702 1.1316539894 100
0.840554381017 1.10334725101 1.73670491892
0.97074004648 1.12084660255 1.68932505642
1.14119533083 1.19645541725 1.68943592222
1.2082491491 1.29472015917 2.06187005195
1.1093632414 1.38052465182 2.26043715943
1.10613285516 1.25423836934 2.02811079788
1.005630958 1.27610578642 1.58041685365
0.910614917996 1.13222574741 1.56078915607
0.906454734688 1.23912301266 1.5566050394
0.840621883689 1.31497559249 1.77007355842
0.79456877511 1.38094835277 1.51361184754
0.759596836484 1.23966319434 1.50829182467
0.753265418187 1.29918280153 1.30832574842
0.710025643129 1.15610589673 1.30555910034
0.710393624013 1.29650599719 1.31009488224
0.694497569366 1.64731443785 1.3055452025
0.71033003354 1.74447869582 1.29978179549
0.716920783508 1.83432328136 1.28705864459
0.725777749276 1.69400392706 1.27525911868
0.745952237258 1.7811861049 1.26998107763
0.74759687885 1.86873876096 1.25385891932
0.759400879564 1.72885875695 1.2437044097
0.781840724604 1.81564010973 1.23619952674
0.779171855978 1.90287665407 1.22103141872
0.929486701899 2.46435673855 1.09577605948
0.922885325961 2.10369748939 1.09369836315
0.920660398593 2.20676271148 1.07937056005
0.935847604002 2.10133974035 1.0799719889
0.942234653993 1.9427911939 1.31084886312
0.951017618832 1.78366599297 1.31755083056
0.968424481763 1.62444060242 1.82862414281
0.971106215013 1.4652151114 2.34148664702
0.982077213984 1.30601692453 100
0.995860260165 1.14686312961 100
0.998399980212 1.07532914337 100
1.04487291281 1.04444301123 1.77637671137
1.27786858151 1.06508888803 1.56777649542
1.14954881948 1.25475409718 1.56773730598
1.14702807309 1.16701089676 1.55808368978
1.02395820704 1.22383898575 1.55272884252
0.926818437115 1.14757508449 1.54630600711
0.921689399939 1.26378544084 1.54289627328
0.857309319724 1.34410285906 1.75509213261
0.812695132871 1.40991549052 1.49878932468
0.817854055938 1.26838948878 1.49223764361
0.767933806547 1.29816718034 1.29361933068
0.7224451793 1.15536223944 1.29313614165
0.72296355545 1.29414460179 1.29875819208
0.706994337599 1.61819015938 1.2951014441
0.717312021176 1.73415341134 1.28980727348
0.725250496008 100 1.28026853607
0.731361173438 2.38621033611 1.26910700184
0.748895404641 2.45908040008 1.26450325544
0.751358309532 2.31883162226 1.250996658
0.760576301521 2.39101308751 1.24147033329
0.780464386469 2.25136869924 1.23664579593
0.778526075296 2.32304607853 1.22209187319
0.790386746258 2.3960661173 1.21426246351
0.812421433275 2.25524628285 1.2065536001
0.806412647667 2.14421596316 1.19358966751
1.06957689888 1.98546898215 1.18753947357
1.07750718418 1.82682919387 1.17681049708
2.09718608867 1.66832717781 1.16551987467
100 1.51000631963 1.16133509914
100 1.35193026557 1.14744361446
100 1.21941502069 1.14068850594
100 1.06710457302 1.13261037577
100 0.985304292346 1.12914818804
2.31904141247 0.965864789192 1.17121427801
1.46425598156 0.957475505982 1.26019815999
1.4646307068 0.993381573057 1.13461819723
1.48588014122 1.08144981128 1.00555332645
1.69839320634 1.20647618003 1.0044149061
1.68236494048 1.29446434659 0.917513532196
1.43311346982 1.16455785358 0.849616349604
1.66002366813 1.47917838622 0.809098832634
1.88191050966 1.58822652576 0.810767719872
1.36861530123 1.67186061498 0.795185597589
1.35768415014 1.50436708184 0.788378334343
1.12218955637 1.60238266529 0.78949305244
1.11773201157 1.46686616729 0.777313520096
1.12688530029 1.54257373362 0.776292329478
1.13151084527 1.61922462902 0.769260430921
1.13520398022 1.47787010441 0.760176768257
1.14612612221 1.55358466229 0.767395540183
1.14766603055 1.41339175993 0.750138434533
1.00663534859 1.38984438711 0.952764047622
1.00135976604 1.32875770749 1.03854001104
1.00070991086 1.19998399146 1.04455989128
0.902407557006 1.09949134487 1.13587586039
0.841497535719 1.23225347162 1.06992012647
0.837967692077 1.33426922724 1.08112693577
0.791991747299 1.20451155071 1.11943588785
0.794991768563 100 1.16625286018
0.741898055476 100 1.17234173911
0.698759684918 100 1.21392264411
0.69890949632 100 1.2292818682
0.646717751094 2.38527168597 1.26581812306
0.602097358497 2.19706310741 1.30974559687
0.607300663907 2.03953240318 1.3262908105
0.797685082254 1.88231001437 1.36234367346
0.806714799444 1.72548031759 1.40437070151
1.30165173702 1.56916107948 1.41837947973
1.79664454455 1.41352166673 1.45601828933
2.29629268863 1.2280156625 1.50018580676
100 1.0749622011 1.51531807951
2.3420886035 1.00493962625 1.54775694509
1.70389244598 0.97417291776 1.49875434106
1.34728576623 0.999318402137 1.15355354409
1.21307651222 1.08474504343 1.02354263469
1.21338864022 1.20445502317 0.936430098826
1.20389309147 1.31388094662 0.934209988598
1.19375962387 1.3753157766 0.869470751739
1.2015223233 1.23348548372 0.873117934651
1.26001643557 1.09314452119 0.802514425652
1.26459357418 1.21670608494 0.753607358466
1.25932077473 1.52084677958 0.747011204378
1.26328408682 1.60607632215 0.742578399559
1.26517561926 1.4659233349 0.735187381959
1.27367887376 1.54348476345 0.739166740891
1.27388353535 1.4032134998 0.728799771778
1.27749671229 1.47960488802 0.724308811669
1.28624732567 1.55753239181 0.728911610981
1.28501677786 1.4161384479 0.715822893958
1.11443231842 1.92390987705 0.887391376517
1.11095473843 1.97896582556 0.905469460762
1.08468702396 1.85272527847 0.915317065617
1.07180173887 1.71558779172 0.944124854335
1.04123262829 1.79832310124 0.983452218314
1.03401198323 1.6619335532 0.984903202704
0.997326343997 1.72281976289 1.01923518466
0.968789446423 1.58188550089 1.0312108279
0.957445309265 1.64191915584 1.05959870685
0.922450589115 1.50078384355 1.09563234038
0.92297587291 1.56080640289 1.10445806013
0.881155821835 1.41964156682 1.13482460751
0.845214054655 1.45115000388 1.17171495639
0.848760160112 1.31076148571 1.18210454295
0.804974842652 1.37001411263 1.21177969924
0.770628932561 1.22964797103 1.24809562741
0.771203874576 100 1.25581740749
0.728681646493 100 1.28714687897
0.696772727483 2.48715774233 1.30342544999
0.693727722795 2.33038050863 1.33000928649
0.652771412179 2.17397926378 1.36280052343
0.619130271578 1.98614957101 1.38122436011
0.619779183962 1.82753855862 1.40741856955
0.824415767925 1.66907072726 1.43950237683
0.831355359868 1.51079113266 1.45404793173
1.33233727126 1.35276585003 1.48186791655
1.83338142476 1.19509576522 1.51522388527
1.85455453288 1.08062901382 1.52265960518
1.40956748429 1.03807110697 1.6252167528
1.41135635496 1.0279783497 1.6305295662
1.63084783916 0.981199181921 1.63462499379
2.08640104859 0.956386204904 1.5846800065
2.09075231369 0.935128384787 1.58637149803
1.64848096057 0.907018457269 1.61234258422
1.25410293172 0.887838165695 1.40676863651
1.25702187323 0.931158565781 1.21802674421
1.26120959599 0.90499171603 1.21504821295
1.10996654486 0.884502876695 1.04383378774
1.11155460386 0.977789553343 0.904424280904
1.25126365087 1.11410825587 0.810425604703
1.2514644598 1.50496022138 0.782494516397
100 1.75578330699 0.786787540627
1.45065764481 1.63130730597 0.805099528317
1.18350773501 1.69997721639 0.836987274802
0.90946875088 1.53217922974 0.840855202771
0.908236908917 1.59679225933 0.862056289619
0.877063712837 1.66408115189 0.892599903827
0.855017297909 1.52129744364 0.895061787109
0.850198835808 1.58833308433 0.918598106015
0.820818808816 1.4458182481 0.950774947961
0.801319199387 1.51259246639 0.949959101075
0.792429712367 1.37038130224 0.975532897699
0.765117900927 1.43686534096 0.986171747279
0.770492561052 1.29499495403 1.00541954874
0.734990443434 1.36115415525 1.03279508262
0.710089133134 1.21966862439 1.0399928423
0.711708585109 1.28546173357 1.0613547652
0.677964856803 1.14441416633 1.09033307889
100 1.28921786636 1.08874992882
0.67678104065 1.82400536493 1.07400198093
0.698724398719 1.89551818874 1.06974647182
0.733898047592 1.7560284066 1.03885273261
0.738500252347 1.7917752387 1.0120285512
0.761362888306 1.6517019667 1.00800309223
0.79476565974 1.71471047028 0.975963611722
0.797858463558 1.78044914719 0.952164454589
0.823388291701 1.63760973971 0.944845606497
0.835231903746 1.52017351521 0.91629028315
0.855825453921 1.58767668789 0.916132556632
0.886807874285 1.65462414697 0.881864946094
0.893318257029 1.5116442894 0.856705416137
0.91735830938 1.57759979068 0.852468148694
0.950137552147 1.43458471266 0.819983440969
0.956993976786 1.47152071288 0.793132513813
0.980209421109 1.32937881067 0.79134422518
1.01166177681 1.39429594824 0.75718623911
1.01670888032 1.25238277894 0.733561357955
1.04199631687 1.31707479703 0.727695219412
1.05760151075 1.17542105966 0.695508395177
1.07176156262 1.31961012884 0.696052311692
1.05931561764 1.85759613415 0.691503151932
1.0498483158 1.77603771131 0.718830832422
1.02313349194 1.76683614348 0.753315332317
1.00395399829 1.83271206634 0.747366966306
0.99313164517 1.69187175386 0.774928129522
0.967726315978 1.75717533191 0.783527407435
0.968130933179 1.61662245572 0.803101658731
0.93624443615 1.6815938053 0.832762580306
0.912849029909 1.54141933071 0.837222933757
0.910013827516 1.60603652407 0.859392312313
0.87974796837 1.67337876654 0.890859987223
0.858633373388 1.53051009481 0.891700269851
0.852133926062 1.59762196107 0.916131733857
0.823722417971 1.45501944272 0.929094292693
0.80521331058 1.52187646356 0.946824059243
0.794543002227 1.37957044588 0.97324141576
0.768270816796 1.44614405183 0.982429057559
0.771745522501 1.30417033403 1.00248766537
0.738319186686 1.34178842432 1.02985418734
0.710589465892 1.20104262321 1.04056492577
0.713829007301 1.28900824226 1.05879561111
0.680501484463 1.15244829757 1.08826797413
0.683695114349 1.29808310186 1.08616354315
0.676614519785 1.85342477826 1.07352879036
0.7036065036 1.92877857147 1.06442129244
0.743613549449 1.78899592394 1.03701311098
0.940373572702 1.14720219003 0.879844543681
0.906125213563 1.51058178931 0.843884321532
0.931364531361 1.42547246561 0.837171862694
0.932589253645 1.50315390542 0.817560605199
0.953590750388 1.57496125933 0.815184496005
0.964610954118 1.43263158298 0.788602865621
0.979377630842 1.50193122423 0.772357834198
1.00254618428 1.35962864609 0.765380555075
1.00992529318 1.42841952136 0.741024792807
1.02690757682 1.28662392564 0.748774061639
1.05181323911 1.35493660123 0.715990440458
1.05590154487 1.21373391921 0.694120806219
1.07488086319 1.28151106726 0.697936765802
1.08915835704 1.14098529857 0.667042709565
1.09843936707 1.28722342712 0.665457611049
1.08461165157 1.85564192175 0.665427392534
1.07364660956 1.7263674689 0.694267773246
1.04324159047 2.07797163801 0.736519277387
1.03986978482 2.17280036951 0.731728221969
1.00340780584 2.03322682838 0.765457928301
0.974870094089 2.12731260865 0.775548023796
0.968415793437 2.2214608441 0.801207037218
0.933443998276 2.31567250056 0.836913242535
0.907104412207 2.4099418735 0.84296375888
0.897169141924 2.35279250216 0.871219586362
0.863931539189 2.19505566225 0.908565525029
0.866693169803 2.03640177273 0.911193267026
1.07402358522 1.87786789735 0.941639762583
1.08154626518 1.71948723275 0.956123736984
1.58385434507 1.56130640545 0.980066017979
2.08642367508 1.40339298999 1.01238247133
100 1.24584867522 1.02324150855
100 1.08883368946 1.04945537304
100 1.01855507004 1.08966750018
1.75598129646 1.00379379855 1.17173037967
1.38476640612 1.04445757629 1.27277305028
1.38510142763 1.14203285993 1.12024837108
1.46027073233 1.26975165004 1.00256742881
1.45562976735 1.38290337448 0.923910738982
1.45272609476 1.2526793557 0.921049727028
1.29738759076 1.11357823429 0.84263966118
1.47661495455 1.42184480662 0.787726100462
1.47153583118 1.74995824443 0.782800633014
1.23480737398 1.63996543197 0.782400923623
1.21959428411 1.72686554093 0.782096348344
1.2237734974 1.58801696574 0.790739023483
1.21753180298 1.66815384173 0.783227629164
1.21805104818 1.74914553163 0.78621296898
1.21927415139 1.60868446064 0.790274375889
1.1212261149 1.63848484634 0.893628703103
1.11115076529 2.10358388923 0.890200851271
1.10596495246 1.97583251498 0.910400551476
1.08830736048 2.02051971347 0.913914975021
1.07698154056 2.0923557818 0.925004456621
1.07094411518 1.95163502622 0.944961852431
1.05275138665 1.9944047911 0.950299288523
1.04066473772 2.06663503636 0.960622589437
1.03612886528 1.92488606088 0.979465053358
1.01803717094 1.99665916 0.982991491448
1.00800037853 1.85552031033 0.995473449439
1.00002933046 1.92679937454 1.00994619945
0.983800174525 1.78632781454 1.01628022061
0.975958665783 1.85706927666 1.03077061477
0.964314946533 1.71732961314 1.04159785841
0.947899655765 1.75942021276 1.05241274577
0.950379733228 100 1.06631002494
0.929014765711 100 1.07403000768
0.91396497732 100 1.08606302223
0.913530796915 100 1.10225654033
0.894180139229 100 1.10685244481
0.884467994003 100 1.11919114472
0.876749426407 100 1.13312270246
0.859959439953 2.38987201739 1.1400992296
0.852762963496 2.23057296529 1.1543519501
0.840808564942 2.07127591219 1.16503749967
1.07626626877 1.91198820271 1.17394858146
1.07451272307 1.75271378066 1.18988515649
1.33825203619 1.59345691641 1.1975076634
2.09384250199 1.43422351765 1.20823634652
100 1.27502238817 1.22480057913
1.00021136701 1.30512235706 1.03857418658
0.994147023021 1.40130614937 0.967425178665
0.996175882278 1.48400826671 0.917215504592
1.05486915128 1.34667706346 0.905490230851
1.06425715647 1.20735471948 0.847802125137
1.11765710619 1.25284182415 0.8478840899
1.17773858625 1.11103504232 0.782744123763
1.15463920472 1.43511932432 0.74081608235
1.16350394961 1.57077780958 0.745382277096
1.15993568728 1.6626525385 0.735147969572
1.16456712748 1.52300629785 0.738529674818
1.16502150122 1.60285916936 0.735984548822
1.16456456697 1.65470410663 0.730685159412
1.17020462569 1.53518624072 0.73627024787
1.16820477813 1.61944957084 0.729898806388
1.16917570131 1.47902442825 0.727533827172
1.17595032734 1.55813037222 0.735105224289
1.17168205909 1.63830932606 0.724302147229
1.1744217984 1.49631580106 0.724772078468
1.17819706473 1.57565642902 0.727569309854
1.17563957231 1.43508908636 0.719437417877
1.18006154621 1.51352578992 0.722675623122
1.1808679437 1.59325971288 0.720655692731
1.42998947961 1.45199361798 0.715238382808
1.43853924736 1.53086677605 0.721265520252
1.70528859115 1.41322539946 0.713091892971
100 1.4960266311 0.714175374963
100 1.41121852133 0.715634014922
100 1.25218107568 0.708255622401
100 1.09301676975 0.71246000584
100 1.02145806678 0.706958087413
2.1822277229 0.990525542634 0.749732859717
1.73307173562 0.996869677245 0.860599216268
1.73321157757 1.19081312988 1.1336054233
2.33951122905 1.34840850697 1.03024750841
100 1.44771398863 0.968215610647
100 1.5100168546 0.92315561008
2.25746799727 1.36922467729 0.910309206743
1.7682516088 1.42156297375 0.858356445912
1.51087175385 1.24919453366 0.809831763738
1.50671376805 1.30135160017 0.799063747724
1.32425075524 1.17984197053 0.747637389484
1.31904324115 1.31960070054 0.743553719312
1.16609358088 2.22707139684 0.85151963039
1.16335447737 1.95836962226 0.852693237283
1.12692451415 1.83216491718 0.896003942502
1.11591731038 1.69510466421 0.904514477309
1.07276312552 1.7497076696 0.94320290526
1.03714186755 1.60915648602 0.990239488352
1.02237855834 1.66348597262 0.995640571816
0.980741281991 1.52248275708 1.03635566734
0.941658628859 1.54861218488 1.32855116889
0.928600337582 1.40798574777 1.34040697812
0.885676736051 1.4622567419 100
0.885051267386 1.32126204715 100
0.834993300574 1.37596424479 100
0.793954140632 1.23455705405 100
0.790627996644 1.28974753085 100
0.741630207976 1.13393638139 100
0.743413002932 1.06372144951 100
0.719355979758 1.03211813568 100
0.771011979536 1.02373924249 1.81436505255
0.890686817069 1.05843731729 1.77270056848
1.05663096493 1.14913075344 1.95433415011
1.04485343602 1.4481889682 100
1.01133560471 1.75493655506 100
0.997075112247 1.83440295322 100
0.989575760061 1.90693887461 100
0.969440447728 1.76568721097 100
0.957839943181 1.83556236494 2.36360989431
0.946231521556 1.69438067157 1.61086334725
0.928123204768 1.76371012143 1.34526398668
0.928170237913 1.62309564102 1.33864865727
0.903317566379 1.69192163594 1.11422865334
0.887402696619 1.55195381501 1.11315331536
0.883840818812 1.62022941295 1.13240278914
0.860871252217 1.69078215461 1.14111317247
0.847373757074 1.54864778196 1.15489776429
0.83984359831 1.61874478893 1.17577917602
0.818965225102 1.47719285861 1.18146680293
0.808139258665 1.54678611304 1.19706116397
0.917790418389 100 1.14902235223
0.880176132604 2.39446954873 1.12036287835
0.901323195342 100 1.11485824834
0.933609944671 2.36684353118 1.08651089746
0.93471210222 2.27601886995 1.0659191509
0.960386555989 2.11749481889 1.05518251789
0.97298357633 1.95896558312 1.06835177775
0.990872687292 1.82590030427 1.27399298663
1.02094729878 1.6726906721 1.28611134832
1.02511133107 1.51565481569 1.79176798077
1.04935965075 1.35811790173 2.29783123804
1.06393349962 1.20084867734 100
1.08237268972 1.04417017304 100
1.11418024299 0.993373489163 100
1.19006622839 0.979825928876 1.74409526408
1.27734964156 1.01821568809 1.5532951572
1.11821286008 0.995260857094 1.55323956245
1.11549027095 1.08279844502 1.55026760799
0.984931998406 1.0535231982 1.59140420263
0.902336180138 1.20113422758 1.81043205934
0.869517104712 1.52017461741 2.25763416447
0.859480498762 1.3945490015 1.99704659301
0.825459580029 1.45860033965 1.49622139883
0.825780218984 1.31754906541 1.47969229221
0.784684102963 1.34998404276 1.27934872872
0.749424755664 1.20910857816 1.26812985041
0.750142066398 1.29219086743 1.27412303141
0.709611318279 1.15504966853 1.30596522847
0.711500620594 1.29674310544 1.30902109565
0.697651843289 1.64868359282 1.3023902849
0.716519496815 2.25253146813 1.29362394939
0.726276937414 2.32222196821 1.27760072586
0.738521444307 2.39194593361 1.26256629488
0.761926546157 2.25090416192 1.2545234881
0.76680073937 2.3198989006 1.23453470524
0.782040540686 2.17920274081 1.2212197162
0.807617150761 2.24781957632 1.21026354764
0.808289635915 2.10757857998 1.19185371287
0.826115236309 2.17580541822 1.18040071595
1.09969623714 2.0360597016 1.1663381382
1.10049772941 1.90959079736 1.14963097231
1.8702709364 1.75193069038 1.1449305717
100 1.5943369428 1.12278621322
100 1.43498519478 1.10791917431
100 1.27563614555 1.10015379697
100 1.11629095086 1.07965297199
100 1.04461121602 1.0783470879
2.11797739952 1.01328617817 1.08180739286
1.47269576978 1.01648788764 1.23792053295
1.4721721174 1.067428187 1.29791837873
1.47375336502 1.15627929483 1.14670030219
1.67955309348 1.27996853087 1.02950992155
1.66227795032 1.36681960234 0.948978375913
1.41559792263 1.23475335519 0.883596136036
1.40053105333 1.27654022949 0.872558516423
1.40145428876 1.15489053999 0.802280171085
1.40624760059 1.2847194079 0.798190853267
1.40181012268 1.40209805459 0.758340261088
1.18011001982 1.45683102736 0.742811396468
1.16668254289 1.31815772395 0.748465637714
1.17458429337 1.38956175707 0.724730271458
1.2379399981 1.16859926092 0.675915754375
1.22142441933 2.06745850806 0.704664614121
1.2077873476 1.81869086754 0.704014331385
1.19539935535 1.68947392763 0.764954937787
1.1369351608 1.73598259208 0.775170054138
1.13154732195 1.59401872553 0.829854621373
1.06743547964 1.63956028063 0.893502323124
1.00665336608 1.46780644095 0.906076888112
1.00472367047 1.51384867287 0.959679755688
0.938392710561 1.36988457448 1.02115953082
0.879467390491 100 1.03201613198
0.876320208257 100 1.08737822235
0.810167613018 100 1.14956347679
0.752712890313 100 1.15850897837
0.747935340535 100 1.21523671931
0.682029947403 2.35079954605 1.27797946707
0.626652299254 2.19875989667 1.28539288214
0.623067076479 2.01182414316 1.3449414438
0.797293485785 1.85671338531 1.40619165924
0.800713573949 1.70238822009 1.41594253528
1.28445932254 1.54908345585 1.47273663632
1.53598178714 1.3971350325 1.49031744512
2.01899373001 1.24615968953 1.54293970763
2.27157471445 1.08920687173 1.6006392852
2.07276863142 0.969212975581 1.66403776913
1.66850768326 0.971803025131 1.53383100858
1.49139766552 0.94398814566 1.16754479089
1.33827742081 1.02039367675 1.16533941749
1.22257616659 1.13339076687 1.01939114645
1.2237286557 1.28162441761 0.912675097746
1.21568946915 1.41049646076 0.853584302643
1.20953413285 1.2827614075 0.854913729376
1.22155006586 1.34010373451 0.798166494011
1.26530521832 1.1962221008 0.751019057498
1.27214485628 1.32241734498 0.746834497228
1.2694326837 1.65398780226 0.730848676411
1.26857975407 1.74482585805 0.738791967366
1.26406371582 1.60503155984 0.741927868796
1.25787168118 1.68816807051 0.742411002766
1.25823272085 1.77185151322 0.753956913919
1.17247624112 1.58537513128 0.837715888847
1.16483529177 1.96913877455 0.836286174788
1.15710779371 2.00646119584 0.859803315205
1.13810283567 2.07717696404 0.862051844921
1.1264646621 2.14718722386 0.879976890461
1.11180938387 1.9777764145 0.904513113098
1.09200329627 2.04635250228 0.90837079935
1.079774188 1.90578821546 0.925439693775
1.06643041603 1.97394180572 0.95122495206
1.04844795162 1.83388508716 0.951573539924
1.04538875364 1.90159880954 0.970778660939
1.02143800443 1.9713217989 0.982500794953
1.00544602818 1.82933625878 0.995367016696
0.999094640756 1.89869202375 1.01650939547
0.976885301577 1.7571642665 1.02462764456
0.958974906512 2.49801930761 1.04145267298
0.954323677666 100 1.06163292333
0.930995925685 100 1.07119902339
0.916439475588 100 1.08555829606
0.908094697072 100 1.10747209782
0.886720108166 2.47974040428 1.11380931369
0.874641234157 2.32163904584 1.1301139293
0.862233037479 2.16240223362 1.14606613391
0.84302978701 2.0031854196 1.15697128824
0.843434107977 1.84399378393 1.17506838406
1.06573235214 1.65300729879 1.1928376184
1.07778780024 1.49390047787 1.20327947836
1.58761928742 1.33485467008 1.22065129709
2.3393824154 1.17589463273 1.23442535622
2.11184756058 1.1044778637 1.243637438
1.42326886406 1.07799959441 1.2878368428
1.21230450418 1.07056697872 1.45577982389
1.20944123562 1.03989924745 1.45331776181
1.20946791949 1.01352500368 1.45024618076
1.41383544828 0.983852767595 1.40259889245
1.41824787853 0.953248675235 1.50363878733
1.22536406152 0.930650270312 1.43300195281
1.62870928653 0.906259245049 1.41953450013
1.63252537744 0.878547774058 1.50834342513
1.24851429615 0.915635246865 1.22734392525
1.25093702139 0.885798270902 1.05469947155
1.3240963607 0.97512920412 0.913270552053
1.32460576197 1.10923919075 0.816535898443
2.03409432566 1.49788046515 0.785431423922
100 1.72389497976 0.792495972012
100 1.80496164355 0.802583091993
1.94302129446 1.68876298554 0.827836242292
1.17344158522 1.76310472297 0.826562259328
1.17007159241 1.62314756068 0.845608771925
0.898111757652 1.69229853952 0.85660137644
0.882356388012 1.55198636456 0.868479297828
0.878003934106 1.62042451799 0.889828675472
0.855154262383 1.69112572352 0.896716743897
0.841856461023 1.54860490587 0.911092880474
0.833473971143 1.61887376186 0.934406199462
0.812749474295 1.47689845278 0.93757212738
0.817756174263 1.54669108963 0.954209399562
0.789339837019 1.40532451215 0.968839016312
0.770989555004 1.4745882928 0.979067154595
0.772145927151 1.33390449625 0.997763120508
0.745671655158 1.40257770642 1.00860581635
0.729985205001 1.47383260164 1.02112379909
0.726831359564 1.33067430136 1.04169920376
0.702556315411 1.40146415591 1.04905322366
0.689871165599 1.25889644317 1.06367544531
0.681871423136 1.32916413866 1.0859712416
0.660102155242 1.1872669024 1.09010548085
0.671994679812 1.54839298557 1.09999486821
0.676942822267 1.67561150636 1.09510792047
0.723620962947 1.54350633509 1.04588959444
0.782761846505 1.59333892558 1.03786525457
0.786775546108 1.4518539876 0.981956093537
0.837919119775 1.52417361941 0.98303301704
0.850143531409 1.38548396817 0.922919515404
0.897174897369 1.43747197447 0.871108723875
0.952936711019 1.29336126982 0.867505057246
0.962009194171 1.34576661685 0.808420123918
1.01122667755 1.20043534827 0.75842704378
1.06788724611 1.05914018916 0.752435684633
1.07038205359 1.34905663439 0.697444751564
1.06419092576 1.78681348629 0.706376615646
1.05542378815 1.47768970869 0.7747958733
1.05361599351 1.53118605393 0.769384474077
0.985060558941 1.39066723616 0.836110352956
0.923707962482 1.43506779403 0.844222956068
0.918647733638 1.29100621473 0.903661359422
0.850406300235 1.33692938766 0.971008605865
0.790447227337 1.19132361608 0.977414319385
0.782875204979 1.11187944074 0.992029682399
0.7525473734 1.26865233576 0.997995225431
0.748062819283 1.41063251829 1.00520110773
0.739306432529 1.4988059366 1.01422664861
0.73473307379 1.36030546941 1.02716290211
0.718236633184 1.43369093594 1.03186238767
0.728200588132 1.29326830982 1.0446816124
0.703127707958 1.36530125594 1.05394275137
0.689370169489 1.43952374424 1.06085769717
0.694933388194 1.29701869955 1.07553114233
0.672128219512 1.3705498929 1.08143807642
0.661289031969 1.2290174255 1.0903381833
0.662051896779 1.30177324606 1.10617769454
0.641747823703 1.37675930429 1.109476839
0.629992755967 1.20499943581 1.12094964695
0.630267105355 1.30177968341 1.13368814842
0.612020839516 1.16383552023 1.1381055055
0.613535299501 1.31790210091 1.1446686583
0.626468599195 1.89702334966 1.14411777903
0.666889200195 1.77356434226 1.10375122323
0.719686122966 1.83246115746 1.07061414574
0.712276205611 1.69034308007 1.05596872707
0.811399135988 1.45296139045 0.956515379944
0.817760392202 1.56915444889 0.932408864215
0.842788478737 1.64533038488 0.92498317271
0.853318041744 1.71510911343 0.898375662456
0.872170614262 1.57262588597 0.901123342186
0.900459066106 1.63992256379 0.867689100647
0.906841254389 1.49722530398 0.843346817266
0.928230599225 1.56418941401 0.84268712861
0.958294566347 1.42175422165 0.810903862791
0.961202122496 1.48844625735 0.788969626572
0.984743103859 1.34632383602 0.784480606636
0.998860067812 1.41271639672 0.754593119365
1.0161810161 1.27094633324 0.735442781825
1.04162883754 1.3370030918 0.726541719596
1.05216117264 1.19563191357 0.6988713289
1.06569159785 1.5494481575 0.703796123718
1.05207339212 1.86901659004 0.700385567564
1.03805457506 1.7405124225 0.732367965148
1.01378335635 1.80643241503 0.736244252593
1.00714818585 1.66644170345 0.761091324223
0.976641506048 2.07970719884 0.796406231733
0.950300169694 2.14453451885 0.799818922995
0.945464875053 2.23726021092 0.823695667113
0.913689149143 2.33008671697 0.857271551788
0.890745161638 2.4230039265 0.859528754416
0.882337859239 2.28343723871 0.885798253576
0.852366137414 2.37594989818 0.920957314035
0.831992141602 2.29255650012 0.919944650444
0.819490522258 2.13388293746 0.948277831317
1.04152075217 1.97532030798 0.959110721357
1.03764481017 1.81689765587 0.980935736113
1.29717822953 1.65865509049 1.01106449718
1.80739549837 1.4690836616 1.02286576348
2.30843698179 1.33667548693 1.04265135502
100 1.18447703687 1.07404496167
2.12888706696 1.10330096263 1.12632307712
1.69388614625 1.08520667362 1.12630255248
1.30436728461 1.15409005344 1.35932161165
1.30229781717 1.13072170057 1.35762590173
1.30195424426 1.10289718401 1.35605282247
1.48136953852 1.08009137431 1.37521284103
1.48476283626 1.05025908645 1.34619778998
1.31605694619 1.12498747837 1.18508295338
1.31501889247 1.09591592114 1.05527402019
1.40920848666 1.38875040516 0.968187234098
1.4023663183 1.51393561586 0.969393558582
1.39573234935 1.35855728918 0.90954970145
1.2126206639 1.4124861797 0.856792191524
1.20806550223 1.26909828524 0.858388010398
1.22434889925 1.32208987923 0.798345825064
1.26840711515 1.17730140282 0.747203491438
1.2766144222 1.31332098179 0.743423434339
1.2778141707 1.63291481323 0.723566847061
1.15450745302 1.90114127659 0.847821644093
1.14898680676 1.79699739649 0.867430676209
1.14594328898 1.86896310221 0.916297095679
1.10011678125 1.73052275133 0.915804913435
1.06155664322 1.78708681318 0.958995373965
1.05427057998 1.6170679491 1.00733038735
1.00709453296 1.67268518364 1.00941323446
0.967559946367 1.5308512777 1.0513658746
0.961313058179 1.58684484123 1.06435138387
0.915268717475 1.44463537259 1.10043681628
0.877774145831 1.50106675108 1.14378981249
0.868446886447 1.35844516767 1.15390251235
0.822171814572 1.38646707928 1.19402072971
0.783627408125 1.24414587101 1.23625007828
0.776984740808 1.30074916944 1.24798676266
0.730391670275 1.15794384204 1.28520854158
0.730614398392 1.29581374651 1.29137482208
0.713595148821 1.61855641598 1.28876043228
0.7216034246 1.71134986544 1.28140413469
0.742358760428 2.49394832885 1.27628884047
0.73659017896 2.35419908152 1.26360896965
0.747999968557 2.39896035133 1.25420998697
0.767291784629 2.47262684588 1.25009837842
0.763878986649 2.33200891976 1.23667019074
0.774998856814 2.40519831269 1.22988445993
0.785756944811 2.26525265294 1.22292966687
0.788926667118 2.33793937987 1.21107336852
0.802528340069 2.23615282001 1.20602469956
0.808754165552 2.07725337896 1.19610934307
1.0645495728 1.91843076724 1.18589778615
1.21544260393 1.14825305555 1.72811102201
1.2155980063 1.12749038102 1.5447658655
1.21844502674 1.09977739522 1.72528988857
1.41783858829 1.07681628485 1.92392956641
1.84852931789 1.04841203889 1.90181004479
2.30621287828 1.02797889981 1.86999050314
100 0.998470088535 1.87323326459
1.65106736633 0.992804684866 1.6907555687
1.45122540096 0.969775432118 1.49189799925
1.65184255242 0.94808885455 1.68958533203
1.86458779949 0.918971948154 1.90035998062
2.30729621477 0.895206231536 1.93793382074
2.31382953876 0.864486790825 1.98532948204
1.88644022281 0.834192958872 1.45482950945
1.50619881562 0.860733709379 1.07522599208
1.34816962172 0.952894117697 0.924662532254
1.22526388314 0.924825659182 0.816544148869
1.14687605668 1.26115234077 0.815898678751
1.13757864353 1.59754890579 0.774106508245
1.13331230059 1.46796601004 0.761735662099
1.14366158635 1.54561201244 0.762099729003
1.14679667027 1.6230531163 0.752150181276
1.15178735907 1.48068510847 0.744296520146
1.16389637695 1.55697340122 0.748803115746
1.1639844016 1.41561006714 0.732583055379
1.17073281493 1.49109079457 0.727458334107
1.18016141747 1.5682139376 0.727358890882
1.18163045357 1.4255522886 0.713640287531
1.19006932111 1.50195068713 0.711378143357
1.19647866738 1.36041238592 0.706430982575
1.19970388998 1.43599865735 0.695366735609
1.20977788798 1.29573139447 100
1.21645790396 1.34227357367 0.688480091481
1.21901209235 1.4182951234 0.676008452048
1.22831430135 1.27737148476 0.675658871412
1.23307419367 1.35249930922 0.667772799975
1.23731615587 1.42946694443 0.658150253778
1.24818887372 1.28709874514 0.666730133904
1.25012878944 1.3632528395 0.647675903906
1.50588618058 1.22215688516 0.64108031786
1.51575812258 1.29738827553 0.644578831776
2.03604924993 1.374521777 0.628247983446
100 1.23192931798 0.624863248589
100 1.30822680883 0.622962725517
100 1.16694422551 0.609553007539
100 1.16381173158 0.628988171891
1.97861951395 1.14438255935 0.627481589481
1.69711480211 1.17007684482 0.724859226361
1.87094368295 1.37585973791 0.883019284757
2.04994231101 1.29225946032 1.21886533061
1.82849931625 1.30694066525 1.10448810782
1.60522204657 1.16412168862 0.995317119489
1.59725271511 1.25841652499 0.986431226309
1.79101238099 1.32322894328 0.907938119623
1.53844309632 1.1899782236 0.846676212686
1.19699246434 1.34243847248 0.824294447033
1.19839976545 1.70733045945 0.801657864919
1.20769581813 1.58252817605 0.806427003775
1.20618443163 100 0.795402933374
1.21021740091 100 0.792653022457
1.21731082795 100 0.794584818665
1.21626686502 100 0.784003519366
1.22198304382 100 0.783858407615
1.22617201522 100 0.781360258151
1.2267994473 100 0.773238282259
1.23411736227 2.3467417499 0.775719485129
1.23545782998 2.1873955847 0.768690835507
1.23772603097 2.0280519854 1.01297841973
1.24661343418 1.86871161627 1.01755764441
1.2451549202 1.70937538223 1.53330458278
1.24903602682 1.55004455881 100
1.25633626396 1.39072100571 100
1.25525372876 1.23140754494 100
1.26071911506 1.07210867559 100
1.26080053071 1.00048182084 100
1.35066132553 0.969426202987 2.01676643423
1.40234191264 0.989790926842 1.60923393932
1.22945455029 1.04926206811 1.42862527362
1.08253571336 1.1550256436 1.42690928572
0.971827166987 1.13265833829 1.49441882544
0.971543150183 1.29294076494 1.49431189594
0.915375685915 1.59923920205 2.17861925071
0.885253018039 1.49317750736 1.6783673701
0.888863709402 1.56468207114 1.41604155039
0.855047541013 1.42598181129 1.40888741616
0.830636189458 1.4907156031 1.19340644918
0.830046844338 1.55818014227 1.19028966792
0.798228192234 1.38703146698 1.2174713841
0.772615549301 1.45355459235 1.22775106041
0.774697157445 1.31157784447 1.24792528976
0.74096172145 1.37778768833 1.27465008327
0.836647432412 100 1.18028516908
0.833218212475 2.00345432548 1.17232875777
0.839397750059 1.87928620654 1.16524262722
0.844013362069 1.96727748169 1.15674682349
0.858789263464 2.05321449394 1.15558137382
0.85847093066 1.91270140017 1.14318596584
0.86599135477 1.99731483908 1.13660698964
0.878259688481 2.08245377564 1.13371205982
0.878684461693 1.94215686436 1.37161433389
0.888491334014 1.82649446664 1.37594929732
0.896651988486 1.66716293556 1.64231409023
0.899492867575 1.50783791324 2.40218082264
0.91146796764 1.3485217499 100
0.913158506795 1.2147154812 100
0.920866803587 1.02901212702 100
0.946613669578 0.957925685587 100
0.945985792159 0.931147909929 2.33179524377
1.14796580128 0.970567606759 1.70403818106
1.14101460957 1.05120221521 1.70128225026
1.00229104519 1.0284045184 1.70918764091
1.0019785415 1.17160320087 1.91495162362
0.880354878795 1.5455794602 100
0.88316248077 1.89452913548 100
0.88612992 1.98964752102 100
0.900552329137 2.07640195152 100
0.898819157819 1.93723123967 100
0.906223607383 1.99319938573 2.11217292187
0.917433980064 2.04928332203 1.3391178351
0.922982127408 2.13366879518 1.33216074723
0.926478992926 1.99414430084 1.07377607714
0.938823504202 2.1415775978 1.07257876965
0.940608630947 2.00169790437 1.06216012722
0.946311525265 2.07596729821 1.05515351205
0.959598457804 2.15152149792 1.05502441812
0.958814246223 2.01062902834 1.04210170939
0.966632886293 2.08560980807 1.03703145669
0.97613899769 1.9455902141 1.03358905734
0.977566556546 2.01994928514 1.02249658212
0.987412893201 2.09562109348 1.01943660959
0.993275861099 1.95456524212 1.01255498956
0.996834708958 2.02965331773 1.00337131659
1.25753168969 1.88948638128 1.00239673311
1.26069135294 1.84091528233 0.991947743136
1.77876943692 1.68172414639 0.984753871921
100 1.52256887429 0.985327346324
100 1.36346202511 0.971794471131
100 1.20442278932 0.96667358935
100 1.04548202351 0.963707490959
100 0.961890193011 0.958964280384
1.8120323213 0.939263106007 1.00480091776
1.59446225831 0.975373230611 1.24505166981
1.59433367524 1.05547712994 1.03822241437
2.22323324847 1.36879638638 0.947617751368
100 1.47880673813 0.903713876491
100 1.55109405234 0.905570206232
1.89091958416 1.3839930173 0.864376400052
1.29992652979 0.865362470932 0.660422908286
1.25882882262 1.25790092282 0.660422908286
1.25453928842 1.64650793454 0.640833175746
1.25122779463 1.52188904846 0.661887690426
1.2335597589 1.58468816181 0.66561940666
1.22142825947 1.67276898943 0.674737976845
1.21611586377 1.76089566145 0.696025797545
1.19908143342 1.62044881298 0.697417839692
1.1886802022 1.70771393852 0.709728236149
1.18063994556 1.79542067101 0.733392550506
1.16499316879 1.88350979309 0.730212686432
1.15643104475 1.74280276184 0.745314434508
1.14529186854 1.83018224817 0.771104343902
1.12923892062 1.88975318561 0.766293190688
1.12005606658 1.9776968939 0.780198485365
1.11016026256 1.8373665342 0.804387566503
1.09541552407 1.924622139 0.799603469972
1.08822782093 2.01227430571 0.815983884126
1.07497951315 2.100274595 0.824777513677
1.06208280419 1.95972044058 0.833580377895
1.05899147413 2.04708117014 0.852221851872
1.29004275003 1.958070069 0.8568087935
1.29388902579 1.79892711596 0.868146995952
1.5591155838 1.63982681601 0.888854522749
2.31469729002 1.48078291759 0.889557493143
100 1.32181577995 0.903233081225
100 1.1629568813 0.916068810672
100 1.09160096996 0.921684855143
1.74496350314 1.06095704397 0.974706928988
1.54133687171 1.07615345077 1.07994538706
1.54006684563 1.12728547893 1.17380405997
1.74358787886 1.3771893233 1.07211078969
1.9514942784 1.48949045209 1.071419501
1.7100969007 1.35995907162 0.989793432617
1.46809200555 1.22088327102 0.916197147113
1.46466281856 1.27857140496 0.907225378697
1.3163524964 1.13832056242 0.829383560346
1.31044496015 1.25987355115 0.826361111721
1.48807938568 1.37181170483 0.776531271837
1.26896952899 1.45070631324 0.753904433689
1.2634907458 1.31133152591 0.757851277684
1.27767376486 1.38032662127 0.728419885724
1.29030606275 1.23962427712 0.709983876266
1.30938070995 1.30765113422 0.709480998893
1.32068326929 1.37852034683 0.682215293308
1.25397414276 1.64874461417 0.746979316825
1.25031750399 2.0474164535 0.768922730591
1.22782988004 2.14934096823 0.772381925682
1.21445068156 2.01179631111 0.801232163326
1.1854461797 2.07432372667 0.840345804321
1.18048772351 1.93368672125 0.838635825241
1.14618643523 1.99549105595 0.870269989997
1.11887817342 1.85484173253 0.881547347888
1.11114599037 1.91650811893 0.906096231557
1.07824389191 1.77597855523 0.939597931869
1.05286432397 1.83752047529 0.947171609099
1.04202423418 1.69712724331 0.974057359271
1.01071640517 1.75853409629 1.00915326555
0.987537183363 1.61829083672 1.01351599332
0.973167757204 1.67954942516 1.04241882171
0.946654614607 1.56164427706 1.05340906831
0.939236204286 1.62783954758 1.07832363773
0.906092484534 1.48811730947 1.11150061991
0.881994503024 1.54993448131 1.11862681228
0.871012929379 1.58581625636 1.14786435773
0.836512361067 1.44260723594 1.18006402007
0.807118582101 100 1.19302766991
0.803217085178 100 1.21756663391
0.767066292273 100 1.24882782809
0.741331641592 100 1.25889686505
0.733365130855 2.35695869606 1.28520174163
0.69916098135 2.19954562463 1.317806741
0.706924042179 2.04243493366 1.3252922536
0.663252527936 1.91075994322 1.35240956786
0.885681389981 1.75941118337 1.36434877517
0.876978141765 1.60290433164 1.38966523761
1.13475660414 1.44414215201 1.42098842818
1.63786010609 1.28531623991 1.43039702352
2.13726259949 1.15199236168 1.4562733429
1.92264980853 1.03580385539 1.4926590115
1.47865177629 0.999288568508 1.55831442511
1.48100006584 0.969569689589 1.56350542534
1.70008164381 0.946918004755 1.56665393445
1.70569672246 0.91740493915 1.56791461402
1.49722851882 0.916757190483 1.35686561886
1.13207397654 0.981063830888 1.17396247511
1.1344041975 0.953869818107 1.01731478611
1.13989746332 0.921196109852 1.0106852834
1.14137983465 1.02873335657 0.881839621639
1.26286182443 1.16732615936 0.801836362143
1.26317800215 1.33424850935 0.799074102712
1.25410275075 1.47668145854 0.772835879814
1.24420956281 1.53635762668 0.776299134242
1.01942606363 1.39588788396 0.749823718306
1.01842455471 1.43921744159 0.731707888032
1.03393407358 1.29803835788 0.738896852118
1.04614821729 1.3683756134 0.711108045858
1.05571857537 1.22799533034 0.694478105323
1.0731140404 1.29759775236 0.69739590074
1.08188733814 1.36984009292 0.671755990717
1.09266945881 1.24957712685 0.66194602554
1.10680254954 1.32636601688 0.653572311751
1.11530535399 1.1843912839 0.63469464693
1.12260598175 1.33627642028 0.63369777121
1.12357464579 1.9038407932 0.646315074555
1.08465148785 1.74244994506 0.683772926688
1.05210939246 1.8022929811 0.730494524294
1.04531730928 1.63355144152 0.72956378387
1.00404896752 1.69177842429 0.763835288305
0.970585901795 1.55122518342 0.808160905821
0.964493931272 1.60949131882 0.807522772028
0.924556122396 1.46886406268 0.844041474282
0.893224814503 1.52720456211 0.856918568519
0.88382034622 1.38650174692 0.886146393279
0.845469047827 1.44492631759 0.924495786037
0.849141050008 1.30413961427 0.933634078286
0.803338653907 1.36265845352 0.96526814097
0.766913613361 1.22177776645 1.00513859903
0.767760261272 1.28040298393 1.01111841714
0.723112909373 1.13941626784 1.04477482559
0.695267085007 1.23156289977 1.05506470404
0.692580986978 1.37233671944 1.06224258595
0.680048997345 1.4338151738 1.07013423201
0.68670874836 1.2933734376 1.08381368343
0.664766658436 1.36802358779 1.08866234064
0.655012569314 1.22663550942 1.09673032603
0.656506562358 1.30008780845 1.11143852027
0.637208036196 1.37566753497 1.11393462587
0.630664043434 1.23232817055 1.12386632294
0.626855031622 1.30719457572 1.13525672191
0.609863667258 1.13696308648 1.14211250555
2.35782717135 1.28960199114 1.15018843835
0.623011225139 1.86732102324 1.15227041888
0.659880105251 1.74534845921 1.1080897044
0.709768715501 1.80700713288 1.0715957993
0.710072615419 1.6660541105 1.06068900631
0.751342616319 1.72277543954 1.01810159366
0.799446700022 1.5523020329 0.978509659332
0.803197305894 1.60848828959 0.969335982442
0.84303055193 1.46634534693 0.925368133382
0.891854479831 1.522935578 0.890016430319
0.890751480737 1.40297486892 0.877556030658
0.935114512128 1.46529201582 0.838443769534
0.943082856399 1.32255755664 0.833202027824
0.981191471186 1.3811151233 0.78657905148
1.02725469308 1.23697906607 0.749898194683
1.03236986622 1.2959844073 0.740947347111
1.07233272272 1.15124532072 0.695867990316
0.811858798327 1.4143422837 0.956709007709
0.807119596718 1.15941066467 0.962470958455
0.807907698512 1.25869339065 1.01324562453
0.759168191551 1.39258168545 1.00948750775
0.729123145992 1.23608169155 1.02088092659
0.723233566107 1.30101807776 1.04816917647
0.685534833481 1.15814856814 1.08351718261
0.685953125889 1.30190436537 1.08360385204
0.676061509298 1.65722994866 1.07414585364
0.696664987125 1.72914327198 1.06191974155
0.727830911675 1.82021736001 1.04671660646
0.720485992179 1.83552569947 1.02996005337
0.743007228786 1.77044774379 1.02479867867
0.750706085706 1.76360242325 1.00196718958
0.764891263634 1.83166835755 0.987297140215
0.789713814046 1.69172993125 0.978675173072
0.792982264293 1.75931483008 0.95768112299
0.809901813919 1.82907531428 0.945299290022
0.836750018253 1.68704807197 0.932906892691
0.836061473435 1.75641388522 0.913938537557
0.855417558748 1.61488032464 0.913368611299
0.86765283522 1.68381345967 0.887547952244
0.879825336264 1.54282550591 0.870821496273
0.901361950388 1.61128228844 0.86658173332
0.909511330756 1.4709002129 0.842664452049
0.924176591044 1.53883016446 0.828427679628
0.947672646802 1.60920436154 0.820122853631
0.956189251178 1.43834081826 0.796860402541
0.972213768559 1.47912042474 0.777861983906
0.991653920589 1.33840968803 0.778055737736
1.00289712147 1.40659834761 0.751203935305
1.26602622312 1.47742576579 0.735073831132
1.53534145948 1.33416843317 0.730965289704
100 1.42773634502 0.707805154654
100 1.2889495716 0.712758595089
100 1.3604105504 0.683064080157
100 1.21768756195 0.665171220539
100 1.11594685424 0.664973652436
100 1.0454095748 0.645668410059
2.32539638825 1.01377223282 0.696335547573
1.68004768005 1.00544919431 0.820053276689
1.66541808729 1.05806981928 0.820008715752
1.86064728488 1.3100971744 1.07594444474
2.27462619905 1.42233833559 0.998126996721
2.02978294127 1.29639184017 0.99447898962
1.78264104076 1.33740131925 0.918106461548
1.53651443383 1.19397035737 0.849343199011
1.76628657015 1.30561337525 0.843988058791
1.74724379507 1.61695829814 0.805960211783
1.48234951273 1.48220703279 0.789648225778
1.47433171149 1.55599458157 0.79374432193
1.24628678614 1.41495348248 0.77049976055
1.24316756799 1.48670718356 0.757753386197
1.19612316319 1.33812288564 0.826063327478
1.1968050067 1.7029136092 0.803197643482
1.20337247392 1.79924207879 0.809346441811
1.2001642036 1.66082473544 0.801935874827
1.20125829051 1.74096428941 0.800988835435
1.20667642857 1.60069309178 0.806523623502
1.20263757572 1.67938879111 0.79787087984
1.20542429179 1.75921724268 0.799472587711
1.20792806256 1.61822791198 0.800653903945
1.2055489549 1.69725973256 0.794451069848
1.20997524382 1.77740057014 0.798556231973
1.20958741019 1.63584371646 0.795362440739
1.2094213375 1.73797005851 0.79291364227
1.21422467169 1.60167571506 0.797705514013
1.21063039107 1.68151645918 0.789615554393
1.2139209503 1.7617776785 0.792037808288
1.21550043046 1.62036748345 0.791839575589
1.21366514603 1.69968447586 0.7863839131
1.21858948286 1.55962725975 0.791343595427
1.21729548041 1.63807779536 0.786714940337
1.21710004854 1.71772918057 0.783768068124
1.22363820521 1.57705985801 0.791263583196
1.21875560179 1.67849739229 0.781463486654
1.22238086888 1.76334535989 0.784547904176
1.22313568032 1.62236890935 0.783093585733
1.22182092233 1.70213137214 0.778379132578
1.22723584984 1.56162375723 0.784209372404
1.22504864364 1.64037701063 0.778118656114
1.22537898754 1.72029687912 0.775967726774
1.23210955363 1.57915574155 0.783909404509
1.22737550421 1.65827017245 0.773768942505
1.22932542415 1.73851103286 0.774181174461
1.23320744772 1.59679380862 0.777665638729
100 1.4706445758 1.74451344107
100 1.48340081722 1.59652858048
0.824570268141 1.46984514745 1.45260503021
0.832789533527 1.32587182909 1.31077074212
0.97596526798 1.18324247114 1.29586096095
1.1217080043 1.08191372361 1.15327026422
1.28446140533 1.04164241373 1.29664288892
1.28713574261 1.01060437979 1.29366097781
1.66473534735 0.926111324598 1.47474382205
1.4747959334 0.903833017727 1.47083122259
1.30866423209 0.930794427852 1.10938182535
1.311142132 1.01456350331 1.10718871563
1.17897509731 1.13754163649 0.965606227257
1.09639590663 1.28924098057 0.865582029335
1.09750249228 1.42167583672 0.814862300159
1.10908098814 1.29400815077 0.817146336938
1.14184269767 1.35685898524 0.770501400248
1.18190130997 1.18599982846 0.73095404452
1.18401913622 1.5309993285 0.723117459183
1.1758084301 1.6738150269 0.719368711654
1.17177703735 1.77269654823 0.73829310087
1.15549811358 1.86285357303 0.741268012906
1.14489136353 1.72346294327 0.753078180924
1.13739570565 1.81061848258 0.775707357944
1.12132764509 1.89813914676 0.773964593218
1.11261440911 1.98602582602 0.788515362958
1.10189757065 1.84589110352 0.81321497639
1.0875883911 1.93308102751 0.807480164868
1.08090000222 2.02067220686 0.824452437151
1.06678191292 2.10861471752 0.832183680177
1.05435071715 1.96824528848 0.841642899064
1.05044588339 2.05554489977 0.860826290456
1.03208711935 2.14321398699 0.864431308588
1.02512577566 2.02577141213 0.876480748806
1.01385059646 2.11742101776 0.887118472102
1.02654602746 2.01802639465 0.895165977672
1.24675179424 1.85929603628 0.912572321032
1.26360847577 1.70048389952 0.918896084725
2.01911399853 1.54174464885 0.929514661109
100 1.38314044038 0.948922084572
100 1.22473142275 0.951546084973
1.15971333066 1.17119471203 0.901844030523
1.16156281544 1.32845010873 0.9006556697
1.15666939494 1.64707827452 0.859120819327
1.16119933978 1.51552219747 0.83895311293
1.18198003966 1.58622611615 0.835276831339
1.19458273832 1.4442934376 0.808212196714
1.21303056529 1.4838755083 0.787036210752
1.23332057065 1.3426885453 0.785259933167
1.24700118369 100 0.756705509405
1.26231837874 100 0.738809783172
1.28419223998 100 0.732731311258
1.2949647553 100 0.706347911472
1.31203326621 100 0.715754790454
1.33536322336 2.39955368404 0.680538499587
1.34343987776 2.24173450793 0.656678345898
1.36212696937 2.08415022715 0.662159918262
1.37816833146 1.92672863195 0.877407960257
1.39237302979 1.76749188468 0.889520334452
1.41255917726 1.60828005901 1.6395244478
1.42677891992 1.44274496271 2.14849180887
1.44181420441 1.28869919879 100
1.46329832202 1.13064610581 100
1.49736857232 1.04739441966 2.47337395465
1.565382159 1.0285834516 1.80951060477
1.40907015447 1.03001662778 1.41936034209
1.24033139851 1.09010343833 1.26022016877
1.09695856996 1.0607259455 1.26359794519
1.09435772996 1.16065067057 1.26439480375
0.983514976159 1.13185458351 1.26261018826
0.98283578454 1.26154855209 1.39291645499
0.907524021137 1.35670097055 1.23903143539
0.848200676542 1.22478074637 1.22288483408
0.840231054281 1.2714596507 1.22484628789
0.773423210376 1.12726201419 1.28875003451
0.773006986879 1.25617059593 1.26300752931
0.732690078799 1.37442556494 1.27493219376
0.722341718589 1.45933119868 1.27801514959
0.829559513004 100 1.23389154906
0.822446419963 2.08771012298 1.19905508954
0.821063591005 2.19612855858 1.1803665673
0.848934043335 2.29154234392 1.1674049546
0.882316047979 2.35635871678 1.14056143282
0.880217687338 2.44872641818 1.12104837276
0.907133447895 2.30894656496 1.10864750491
0.917397821339 2.40079918081 1.08358050073
0.939730270392 2.27971917906 1.06110846328
0.96553400317 2.12106339339 1.05003122848
0.977372172842 1.96252202131 1.06300178245
0.999318127784 1.77246677018 1.2714591923
1.02413421332 1.61430027309 1.53163767856
1.03736427336 1.4563945669 2.03755171104
1.05618596115 1.29884477188 100
1.08274762202 1.13553953279 100
1.0849959191 1.06910736864 100
1.21619335821 1.04919498025 1.70645232318
1.33302453929 1.10789384357 1.50769781706
1.18580796917 1.19530802916 1.52020011033
1.07215304096 1.17338267786 1.51923984403
1.06970323227 1.29281036787 1.72915983716
0.985975172933 1.37486438149 1.71703139531
0.98598745233 1.24247289311 1.47624377965
0.900296815288 1.27947248392 1.47150527434
0.821463126281 1.13412071809 1.32410144998
0.818047657775 1.25564184646 1.31866261286
0.769008866795 1.34285628099 1.49791394145
0.743571939059 1.44139439323 1.27834641396
0.747241771837 1.30516147297 1.27435935227
0.716625722171 1.37496207611 1.28936483543
0.69731131145 1.23336162761 1.3030246403
0.695839746869 1.30155005795 1.3231010544
0.668639698676 1.18260994361 1.33202129837
0.668363666121 1.33413860382 1.34109845359
0.674715058493 2.22063805763 1.32637875217
0.707079767599 2.29033892713 1.31066824551
0.717083336214 2.1506951191 1.28355046275
0.742074439816 2.21289472732 1.27409314972
0.777966845824 2.0718253127 1.24202167423
0.783487517613 2.13366520891 1.21652122506
0.811362776245 1.99261273188 1.20423383035
1.09420921548 2.05436529321 1.17361617096
1.10074454939 1.91339290842 1.15002933115
100 1.73963914696 1.13422501266
100 1.60612503396 1.10499590289
100 1.45232634629 1.10005305875
100 1.29457995097 1.06534665294
100 1.13619054664 1.03824183147
100 1.06490198106 1.03187061066
2.38218126877 1.03329504811 1.03850485673
1.18646032092 0.959330684351 0.863024059817
1.18816514917 1.10779392324 0.772370408507
1.39756453602 1.50865130033 0.751182569551
1.39160478735 1.8973811674 0.753475572058
1.38645590374 1.96013753275 0.773009896674
1.11505540541 2.03037070836 0.783074347712
1.09945235473 1.95712392899 0.797175363184
1.09008865608 1.95828858458 0.821661861508
1.07086582508 2.04989947617 0.824159972165
1.0675928747 1.91248939 0.84391186349
1.04243365496 1.95372274599 0.870504824164
1.02296721674 1.81281392602 0.872068767693
1.02074395301 1.88080258445 0.891380306289
0.995159336814 1.74024125674 0.919660296643
0.977711524834 1.80778890161 0.917718095766
0.971299757272 1.68992943012 0.940090068259
0.950223213558 2.42383181047 0.945099252364
0.93306875064 2.48680335793 0.963964011264
0.92353145802 2.36985701386 0.988709910011
0.904648230395 2.46394257297 0.990421783857
0.90205078578 100 1.01027706093
0.876340714511 100 1.02235972222
0.859906329622 100 1.03623344326
0.853353616186 2.37655662604 1.0580671258
0.829640521056 2.21746013878 1.06667104316
0.836265563853 2.05840326386 1.08265567031
1.05350465445 1.89939731984 1.10618691922
1.06564322772 1.74045654458 1.11160644902
1.57493699672 1.58160064244 1.12951348972
2.32590056557 1.42285805258 1.14458978851
100 1.26427146081 1.15708393319
100 1.10590797979 1.17675694593
100 1.03484771191 1.17998831517
1.76552209626 1.00453280402 1.28917519574
1.38935369634 1.06897795011 1.26890959189
1.39046492398 1.03928466151 1.11821300973
1.46122215272 1.13244249404 1.00303652429
1.68994766698 1.44761947673 0.935313760119
1.67884508749 1.58216167008 0.934631105963
1.42188683671 1.45496713277 0.89182733119
1.41273336488 1.51714291609 0.859586795261
1.21746657659 1.37439017996 0.846625934888
1.21001772874 1.43400108459 0.806986419636
1.223439893 1.29026429392 0.807444350688
1.28307602866 1.27126878048 0.745425661689
1.29038970829 1.40072706555 0.711602678106
1.29959246166 1.48754266068 0.704559732429
1.31031419925 1.34710905509 0.699591335265
1.31571353481 1.4220006799 0.684299855564
1.3274543705 1.28019819519 100
1.33534772981 1.35388371325 0.670403808318
1.34242981181 1.21308648426 0.657992581357
1.3556401754 1.2859001451 0.663736451146
1.36149335078 1.35517432932 0.642012849975
1.36955546593 1.21707552501 0.63236023659
1.38275030517 1.29226958246 0.633221734924
1.38685863016 1.15078569837 0.61395536547
1.3912950047 1.32151538112 0.615882441798
1.38646540621 1.9097250741 0.629795579412
1.34886207881 2.01567488419 0.672835649152
1.34013976764 2.11504746635 0.727964111803
1.29719348323 2.05039628261 0.718414534669
1.26038640523 2.10638073039 0.764769324433
1.24899026361 1.96465799417 0.77083069172
1.20509106678 1.99225059538 0.810516807112
1.16757903894 1.85079572865 0.854893264738
1.157792852 1.90669202382 0.863709859794
1.11491315924 1.76496345976 0.900805503564
1.07920402053 100 0.946577673923
1.06701994072 100 0.949579138741
1.02828119341 100 0.991074319595
1.02161983677 100 1.00311514881
0.976701416406 100 1.038912424
0.939847245645 2.46595949622 1.08240719601
0.930063694653 2.31027614749 1.0914292535
0.886529152266 2.15512321061 1.12917742869
0.889312930163 1.99775632969 1.17386919717
0.839593509042 1.80836883562 1.18423992317
1.0453841973 1.676056993 1.2199641552
1.03949539131 1.52390044784 1.23563726111
1.29337045647 1.36821530045 1.26979318965
1.55298448094 1.21242435024 1.31051564822
2.0490949898 1.05747954222 1.32351111516
1.60395028258 0.999146457653 1.35696062978
1.39714786356 0.966779770227 1.42557203595
1.39890011721 0.933513878422 1.45276231637
1.60850769414 0.906079712514 1.52959246786
1.61324691215 0.87558885466 1.52929416465
1.41376107068 0.913787837687 1.24490994708
1.23456327185 0.884697005343 1.07065642087
1.23256837498 0.972046876338 0.926869747784
1.31287483596 1.10080982148 0.826394778315
1.54592342444 1.28186641388 0.82621442443
2.25231882166 1.61804860979 0.790767210718
1.48957164233 1.70876723988 0.784926655092
1.22136386902 1.57065913544 0.791550907598
1.21822342395 1.64981449454 0.784160226371
0.968550708117 1.70132568474 0.781594466501
0.974819107582 1.56100552475 0.787136160629
0.972180902844 1.6396568866 0.781638099298
0.97204139493 1.71948779747 0.779229234927
0.980319720933 1.57855637964 0.78731936892
0.974119328358 1.65757314277 0.777344713458
0.976021150565 1.73772568742 0.777486287871
0.981022406727 1.59621779527 0.781526651951
0.976555335807 1.67558933457 0.7736605023
0.980484113787 1.53548893623 0.7763701759
0.981914392674 1.6139892135 0.775930880228
0.979485164972 1.69370289643 0.770594152886
0.985423723234 1.55298913634 0.775883611173
0.985974700307 1.6037259854 0.773883155182
0.982641339239 1.68339179468 0.767361931243
0.987651408935 1.54276743571 0.771509521149
0.987146824933 1.62158835688 0.768597289443
0.985838069018 1.70158739115 0.764637784445
0.98998437214 1.53254879989 0.767252803586
0.991085402762 1.61131183842 0.76640027845
0.989254622784 1.6627747536 0.761286663745
0.992421870397 1.5223332906 0.763115422626
0.998712659613 1.57295097273 0.768560030403
0.992067632441 1.67524912872 0.75797456636
0.997058478625 1.53878398288 0.76228320031
0.996371108853 1.61874910676 0.75910409358
0.995248104676 1.69916416338 0.755326537579
1.00237449045 1.55756313232 0.762408157906
0.998075188539 1.63701166682 0.754438296434
0.998265473703 1.68887888908 0.751911310881
1.00447642645 1.54732261324 0.757839602801
1.00177226206 1.62671216623 0.751935464021
1.00176501579 1.4866045578 0.749602379791
1.00992675098 1.5650957587 0.758178031221
1.00376586146 1.64483730651 0.747622293024
1.00573920101 1.50409756267 0.747941062221
1.01045097628 1.58297853694 0.751948782363
1.00624209396 1.66305923852 0.743942370883
1.01018242902 1.52171115686 0.746931685731
1.0114284335 1.60096732248 0.746282240882
1.00919740621 1.68137482509 0.740905132504
1.01508854065 1.53944120307 0.746576894726
1.01288833675 1.61905858229 0.741233027339
1.01262760368 1.47855151449 0.738518507248
1.02045085958 1.55728372384 0.746877622058
1.01482860393 1.63724891941 0.736813833055
1.016527879 1.49611731272 0.73678881759
1.02166141171 1.5752348972 0.741506693725
1.03478987229 1.14139017065 0.733201371422
1.0365247997 1.76804262686 0.731367687398
1.03991430314 1.84963789021 0.732088642567
1.00389905931 1.6959261495 0.764123444933
0.974778603973 1.76142464885 0.805670669886
0.971111206922 1.61971111851 0.799893739964
0.935552573204 1.68298338031 0.833601018504
0.904881823249 1.51288054679 0.872280295989
0.903448930442 1.57533748947 0.86956294419
0.866358182852 1.43399951509 0.90186149556
0.838379726925 1.4963440174 0.911747310507
0.833559710013 1.35512846342 0.937184750657
0.798087348982 1.41735007763 0.971233642173
0.772665819872 1.27627265642 0.977628195446
0.763863077139 1.33835628052 1.00526313985
0.73032418389 1.19743524323 1.04081626506
0.732417624182 1.29266245957 1.04085656947
0.70856402298 1.43554790457 1.04143866663
0.714734808812 1.54992261002 1.05214230982
0.700145655986 1.4146641426 1.05035810143
0.698518502738 1.49328740536 1.05761999669
0.695239765681 1.35201867532 1.06382224215
0.684690723664 1.42841075278 1.06532501689
0.686124748888 1.50637031952 1.0745443633
0.677648270229 1.3635959133 1.07742710984
0.669952196217 1.440770494 1.08085232973
0.677657723553 1.29923040716 1.09185420139
0.660690507758 2.46200757242 1.09153355068
0.655984028059 2.32267224363 1.09681924795
0.658631837476 2.40536018671 1.10646156179
0.64520061364 2.46057736811 1.10817948439
0.639133468565 100 1.11266949328
0.644381747712 2.38184494265 1.12362516894
0.628568788523 2.22304272727 1.12257217062
0.874849519483 2.06405581003 1.12885524858
0.873302385719 1.90475930666 1.13662267987
1.38685124275 1.74547486097 1.13741818902
2.14847983293 1.5862061054 1.14544327361
100 1.42695829367 1.15010176174
100 1.23589996456 1.15376845089
100 1.10220550352 1.16206255517
100 1.02310680868 1.16206582252
2.08848958619 1.00468694674 1.19259770838
1.47677461474 1.04730022006 1.38565198958
1.30771300585 1.12525355732 1.19324060834
1.30551954051 1.23877456823 1.06407880354
1.40202754623 1.34136516914 0.97027882104
