100 2.01556443707 1.0
100 2.21469976683 1.0002860248
100 2.17656380261 1.00222574583
100 2.12983195526 1.00711784666
100 2.0788159572 1.00262407617
100 2.02579351941 1.00006928359
100 2.1911178796 1.00126853356
100 2.13533364111 1.006397594
100 2.02414932974 1.00004881413
2.02525889372 2.07563543605 1.00236824925
1.26013878655 2.15552873057 1.00408408745
1.25026377876 2.03790166616 1.00032970388
1.00734363367 2.12183596098 1.00734363367
1.00068174803 2.20309704712 1.00068174803
1.00145202354 2.06254378116 1.00145202354
1.00633251819 2.11417001949 1.00633251819
1.00108703594 2.1944513667 1.00108703594
1.00096748839 2.05388228601 1.00096748839
1.00663235221 2.1335077844 1.00663235221
1.00030563613 2.21398015506 1.00030563613
1.00216981874 2.07304971482 1.00216981874
1.00435704326 2.15288863578 1.00435704326
1.00000395774 2.01312216451 1.00000395774
1.00384911987 2.09227079155 1.00384911987
1.00535175782 1.64311202763 1.01483581314
1.01040870701 1.97999904402 0.990843674555
1.0191302364 1.87412989537 0.989737173545
1.02232510511 1.95563532428 0.980947013395
1.02750449222 2.03309722991 0.973727799086
1.04052894613 1.89188955589 0.974764031065
1.0398966019 1.9674479951 0.96119461041
1.04720707499 1.82687428917 0.956133242757
1.05673760695 1.90173742144 0.953561181435
1.0581491117 1.97795025271 0.941966149625
1.0673412811 1.8363005042 0.939081551655
1.07350225082 1.91191139745 0.932791448502
1.07687984783 1.77118116753 0.923254602818
1.08788137169 1.84613476236 0.922632529471
1.09078585625 1.92247157028 0.912477254642
1.0960632734 1.78064951566 0.905092097987
1.10880483471 1.8563731623 0.906929546293
1.10856407253 1.71548903145 0.892649657129
1.11567603178 1.79054083447 0.887512346866
1.12523983651 1.65069177002 0.885520128563
1.37680117669 1.72500505081 0.873341798145
1.39359219141 1.7275044777 0.87055065431
100 1.56821930605 0.864560240885
100 1.40895163431 0.854588906013
100 1.24970815326 0.854243837248
100 1.09049946052 0.84408337149
100 1.01893207174 0.848292904665
1.89071393939 0.987992735446 0.908912759616
1.67739847904 0.988256675727 1.02692679236
1.64243370986 1.05280837081 1.14406314735
2.23970782531 1.30680702028 1.03149950286
2.21836543208 1.37263853164 0.952960431917
1.97158362273 1.2375454612 0.887059263217
1.72442330663 1.27831029944 0.875222849332
1.47867861354 1.1334239512 0.801986862668
1.70965822439 1.24715933633 0.757851850379
1.69180635402 1.34836372409 0.756033796424
1.42832573744 1.4265828652 0.734989358683
1.42309881473 1.50147584353 0.72648893812
0.820879795736 1.16755557694 1.14164870108
0.816176742924 1.14521836196 1.14422891302
0.813015380768 1.11704763921 1.14637739448
0.814053715076 1.28196620209 1.11503292929
0.773193612249 1.42349153304 1.12504646523
0.780058544277 1.29796710639 1.14085510151
0.74477130609 1.36699712998 1.166426998
0.720534024815 1.22678534523 1.17454720999
0.722011193871 1.29247569209 1.19505680988
0.689096007383 1.36131206638 1.21222123101
0.667702772403 1.21726560627 1.22765662364
0.662674146715 1.3091814221 1.24951206017
0.635752203637 1.16936074683 1.25968884722
0.634419824019 100 1.2700995142
0.638158075361 2.20366615576 1.26102099203
0.673584512852 2.07410143158 1.24468207911
0.673494792753 2.13885346772 1.22157329915
0.700870560767 1.99926161993 1.2108714878
0.739371113935 2.06186496579 1.18251734549
0.735110270174 1.92209949071 1.16112921555
1.01249841649 1.98441276516 1.14730661214
1.02546505711 1.96797560962 1.1205695552
100 1.81032160671 1.11638728839
100 1.65299516266 1.0840556786
100 1.46478458502 1.05578988791
100 1.3086125179 1.05347598549
100 1.15209731767 1.01992319344
100 1.08042527766 1.00844805004
100 1.04906040352 1.04808070842
1.49015749443 1.04374789541 1.14167491573
1.49231320807 1.07657824584 1.27742460948
1.51632539067 1.15765349791 1.18787148122
1.51568002258 1.27391919339 1.06582936428
1.50333669847 1.37864273942 0.979905956712
1.48512159461 1.2494608074 0.977300107073
1.48014983204 1.11181038985 0.891564923248
1.48261934857 1.40582963264 0.827198984795
1.46868360241 1.53323014957 0.813911055521
1.45035172689 1.62031478861 0.813525354558
1.44612242084 1.69999148229 0.803881785972
1.20232035525 1.53217193464 0.801099608718
1.20928970455 1.60831581681 0.801518788646
1.20907461839 1.68586198782 0.791056862393
1.21565910947 1.54492384353 0.790945085581
1.03092728084 2.08895303834 0.973711231506
1.02052284277 1.81579825749 0.97948071376
1.00865323654 1.68976333355 1.0070627158
0.976072801265 1.55316476545 1.29178862315
0.971029929404 1.61222876522 1.30038986318
0.931964832617 1.67423160404 100
0.901437697143 1.5308935562 100
0.893018184956 1.58478688009 100
0.855531673264 1.42619444773 100
0.827489209441 1.26746177136 100
0.816471003081 1.07722778074 100
0.787218243753 1.00595548768 100
0.818460305507 0.974324931017 100
0.916877510959 0.967294691123 1.78932401165
1.06538571204 1.06743108217 1.76529045538
1.10499121842 1.19555344428 2.15708277266
1.00629075958 1.54501371266 100
0.963847401981 1.87706017466 100
0.946761134316 1.74868415605 100
0.940163201222 1.82374618928 100
0.934375678472 1.89857959048 100
0.921165373582 1.75720574007 2.38116043311
0.91689821258 1.8310034384 1.62270739655
0.908557143374 1.66266600147 1.35529952222
0.894288854703 1.73531484342 1.13095464632
0.889203196454 1.80964880548 1.11695896463
0.881084951353 1.66824407562 1.12557942372
0.868974495683 1.74196020314 1.13112261467
0.866357809473 1.60145266324 1.14394095031
0.854074410506 1.67448914291 1.14942224231
0.844262101308 1.74923707457 1.15681037203
0.844784946258 1.60726304909 1.17128227989
0.82788259256 1.65291250767 1.17684692944
0.817006121169 1.51253375433 1.18354613725
0.819621599515 1.58545635377 1.19718311853
0.801102489423 1.6601923196 1.20102221168
0.792719387517 1.51826085497 1.20946125628
1.0266945997 2.03684912367 1.03634386299
1.0221659026 1.97117917342 1.0401185889
1.022801164 1.83208169135 1.24190805849
1.05787923726 1.67860528133 1.2494040493
1.06667434494 1.52266342348 1.51137848667
1.09614704447 1.36676154431 2.01296123537
1.13293431259 1.2116071659 100
1.13882907613 1.05464611754 100
1.17140738792 0.983064327459 100
1.24214925516 0.952099341839 1.70484967666
1.30808879099 0.974433701239 1.52036953035
1.14056105764 1.05629143871 1.52046024287
1.00118873724 1.02700792695 1.51757574242
0.908788628387 1.17111135856 1.57299509272
0.879635905195 1.54568436318 100
0.887220902533 2.01548365558 100
0.897054146288 2.11928901764 100
0.922729552773 1.98427653257 100
0.923825742777 2.0547763102 100
0.943091635073 1.91342979682 1.31463777688
0.955695903991 1.98226641511 1.29833246934
0.968482741465 1.84109101393 1.03213151531
0.989790479861 1.90949183878 1.02581872738
0.99865739783 1.76878502187 1.00315422102
1.01371455851 1.83676610012 0.988661246885
1.03683948455 1.69658416608 0.978857925814
1.04229142857 1.76410901928 0.958054975939
1.05941690049 1.83381615673 0.945882714584
1.0827832732 1.66344439863 0.932785148012
1.09396168244 1.70376337777 0.909438818626
1.10639738468 1.58550565871 0.897075557377
1.12984854358 1.65830837821 0.885943018599
1.13386249163 1.51859416266 0.86614455824
1.40145483754 1.58665372896 0.866476113355
1.41514018371 1.65695948846 0.839480853282
100 1.51403140031 0.822071657148
100 1.53455561862 0.817032418294
100 1.3805283011 0.795191432491
100 1.22249387082 0.799281546057
100 1.06374014294 0.769890845705
100 0.992271498863 0.765665193996
100 0.965189865129 0.763882056132
1.75905943461 0.981978689279 0.824005859009
1.7172199182 1.06628820664 1.11180340467
2.09595661626 1.19952051687 1.08262965658
100 1.55548969447 0.950551284138
100 1.67787830731 0.946726963919
100 1.75964640123 0.929564637206
100 1.83433013103 0.922715549104
100 1.69304847609 0.91014489338
2.30864195037 1.7649706944 0.896473956075
1.55305176526 1.623926645 0.89584075474
1.28743830931 1.69519166368 0.875195753895
1.28307641883 1.55490350021 0.863844513909
1.05232538264 1.62553986415 0.859357277991
1.05484282071 1.69819271789 0.840763962957
1.06797091919 1.55605707992 0.831922543468
1.08072512247 1.62816443954 0.82326806539
1.08810140332 1.48676655805 0.806914337749
1.10307955239 1.55827146707 0.811718045066
1.11247339533 1.41769727648 0.787626808796
1.12184947946 1.48853286789 0.773723307453
1.1385593595 1.56154301611 0.774487471257
0.820690195378 100 1.09092617896
0.814125731544 1.13248863507 1.14558725714
0.811633415481 1.40021856637 1.15427659122
0.748264516669 100 1.16480109466
0.703624255704 100 1.21147300156
0.696253628606 100 1.26507103078
0.642518135213 2.43400762195 1.26893903666
0.647964511019 2.25443887813 1.32024339759
0.584333064439 2.09874733945 1.33431438957
0.781509414553 1.942675627 1.37886590862
0.774457898216 1.78698767472 1.42916240044
1.02809583552 1.63196933188 1.44108263045
1.51826895658 1.47786730694 1.48703671092
1.77535739425 1.32500873193 1.53822012091
2.26490605786 1.16968688865 1.54828925618
2.28574692143 1.05475606171 1.59371856323
1.85084714989 1.01181443455 1.66090125168
1.45990041201 1.0253540867 1.36879956973
1.29715393508 1.09711652743 1.2028464606
1.16841886521 1.21364890716 1.06788318788
1.17212503439 1.12736165049 0.963969316396
1.18214334461 1.19614334164 0.88114797778
1.18265443426 1.34152331989 0.878899324308
1.17311783931 1.68855481229 0.84695265866
1.16350275737 1.56299244665 0.8413804524
1.17237181727 1.63934729579 0.835366270828
1.17882278662 1.6865175 0.821934420414
1.18844079492 1.56776579507 0.819801922869
1.19440816649 1.64675074615 0.809938890594
1.2007328765 1.50676205374 0.800032764651
1.21400369248 1.58072863144 0.802662929251
1.21675403186 1.6562856684 0.785007035334
1.2249025264 1.51392492867 0.777711895353
1.23655335479 1.58879505394 0.7760260536
1.23967417686 1.44738823195 0.760688300069
1.24945689599 1.52153205189 0.756108125561
1.02597181071 1.66566956543 0.992006159749
1.0269141382 1.58291200174 1.034946741
0.971338653917 1.45259406331 1.04568260373
0.924115944568 1.50479918273 1.09436235937
0.911179619686 1.3617566435 1.15040645445
0.857003579988 1.41288746453 1.15876283915
0.857072744768 1.26839458363 1.20940238052
0.795495216191 1.32078672013 1.26622958773
0.74283688492 1.17518635935 1.27277705218
0.738368826113 1.31133623573 1.2816421154
0.717319412782 1.6310357016 1.28399361938
0.71976781726 1.49703510348 1.2847088929
0.723805149847 100 1.28565887642
0.718630938537 100 1.28137586815
0.724898960428 100 1.28352132876
0.723904052899 100 1.28157662161
0.721549916486 100 1.27886223902
0.730523620096 2.36030297363 1.28256455556
0.724733430178 2.20094384059 1.27788823851
0.725130741615 2.04158513999 1.27672515503
0.734366390539 1.88222707075 1.2806089364
0.976102384396 1.72286982623 1.27457192325
1.49286631929 1.53164258901 1.27360408974
2.25949636033 1.37228822323 1.27817440217
100 1.21293600791 1.27198732376
100 1.05358691881 1.27167595811
100 0.969884280494 1.27203088506
1.90124512107 0.950624728763 1.29075768495
1.46856590808 0.942597770631 1.45244962508
1.27357166462 0.913116553602 1.20419353776
1.27215137194 0.972909121663 1.0480764675
1.31219678836 1.07358462664 0.927967463709
1.53342052878 1.21300431356 0.856989443473
1.75184173404 1.31378971163 0.858515931233
1.25887261242 1.40543568025 0.812730562553
1.24446567809 1.26992528522 0.781161743909
1.05364240782 1.33038877352 0.770287506031
1.03933613565 1.18799636514 0.730527212661
1.04416126305 1.49615807741 0.711314428499
1.0436251001 1.62414830061 0.708072630139
1.04262802524 1.49278642256 0.712144840879
1.04222258598 1.5762669989 0.718137284024
1.0352631262 1.65922226998 0.714744953572
1.03626480414 1.51835097791 0.722882312864
1.03221721295 1.60007688709 0.723750270431
1.027192947 1.6827125808 0.723253941126
1.03016159136 1.54164694855 0.734052325778
1.02269024831 1.62342825194 0.730153606614
1.01959813805 1.70611166874 0.732419516064
1.02281916645 1.56493078591 0.745792500763
1.01361805282 1.64677974123 0.73725004073
1.01249104234 1.7295122749 0.742215074706
1.01230258659 1.58822031332 0.748418782424
1.00513386272 1.64192462831 0.74647376242
1.00525204154 1.74720857697 0.752029559601
1.00229856142 1.6104012235 0.754281425354
0.996877728971 1.69326816162 0.753439348193
0.999774660544 1.77627442898 0.763591373036
0.992602931926 1.63480699282 0.760532434321
0.989250603071 1.71685366945 0.76249217062
0.993091755735 1.57696493113 0.773716829943
0.98344585368 1.65812137479 0.767594467154
0.982117294238 1.74022066248 0.772152145242
0.982450144345 1.6001982805 0.778782307117
0.974768901162 1.68143192176 0.775304486665
0.975497093558 1.76358898738 0.78239776115
0.972259335744 1.62343844712 0.784518281379
0.966584643369 1.70474710353 0.783642540603
0.969400625877 1.78696027548 0.79320638731
0.961862815419 1.66890780745 0.789117653207
0.961068354706 1.75508094584 0.794040457556
0.958753751436 1.63873084094 0.796293261887
0.954268415509 1.72454015553 0.796750531989
0.958796427688 1.80760131245 0.808108237135
0.949072136751 1.66766401149 0.802559987029
0.947060214822 1.74900685723 0.806172534186
0.948886697338 1.80290030842 0.81543324302
0.940721493539 1.88557354838 0.8118690196
0.937764337933 1.74433227481 0.814374211371
0.941914360422 1.82061325946 0.825239156568
0.931631331559 1.90783320465 0.819191803904
0.930777520186 1.76740829641 0.824046508472
0.930549532155 1.84956645069 0.829605361628
0.923021301719 1.70976462743 0.826993069952
0.924378857899 1.79093257106 0.83429853089
0.920349414208 1.87297071116 0.835613399244
0.914947318735 1.73300974522 0.835442592929
0.918514150239 1.81424233585 0.845063909468
0.910644986172 1.89633373186 0.842239928838
0.907409182866 1.75625275987 0.844460936133
0.91154470894 1.83755478149 0.85455581716
0.901447934685 1.91969930874 0.849464129884
0.898223819864 1.77439088959 0.852843366924
0.901330318328 1.85527132372 0.860825136815
0.892761786251 1.7390913807 0.857303010217
0.893965822483 1.80253630359 0.864110709684
0.890411872753 1.88414762177 0.86600375183
0.885898190216 1.77721013477 0.866042806839
0.889484839418 1.85274298617 0.875053484611
0.879800848846 1.72047545803 0.870719438032
0.87954670355 1.79782715711 0.875969153893
0.969114156624 1.15147817874 0.80098324163
0.970804390444 1.53281475306 0.78462018153
0.966280449892 1.88994216597 0.78478915088
0.964510445839 1.78316695269 0.796614442239
0.952779474795 1.8753910191 0.800475689169
0.943569480817 1.80496534415 0.808195655981
0.941779186367 1.82310236967 0.826200272707
0.925787288003 1.7104110536 0.828407341712
0.915688354576 1.78312865533 0.835366554162
0.915663309416 1.85748032495 0.852104244669
0.898740698248 1.71581727599 0.852901440844
0.89089514813 1.78958124727 0.862309300189
0.88707230837 1.64876219714 0.881122869556
0.872209026244 1.94421539353 0.878058113763
0.866754635062 2.02946142575 0.889763010741
0.858904013408 2.11521099789 0.899059438755
0.846240567389 2.20140526904 0.903820789959
0.843323068484 2.06114516341 0.917681792676
0.831201359515 2.14669023365 0.923048713306
0.820888775488 2.23268946344 0.930139108469
0.821937591261 2.09291324751 0.946024471864
0.804012479574 2.17825644134 0.947676501398
1.0457976602 2.05303027975 0.95696722686
1.04132326486 1.89375876484 0.970018475703
1.30457834105 1.73450397342 0.972894314357
2.06283214117 1.57527097757 0.984263459092
100 1.41606712986 0.993566063347
100 1.25690350637 0.998657455763
100 1.09779760291 1.01198992681
100 1.01433307109 1.04724925612
1.79071452372 0.992475481291 1.13235023562
1.40716185816 1.09622147007 1.25387574724
1.45999911848 1.20741116771 1.11391639834
1.46066676619 1.12005673957 1.00255605145
1.4655824749 1.18103613528 0.910929384926
1.46530531785 1.34735012045 0.909642471726
2.16814400517 1.6681565359 0.876728402633
1.40859214313 1.75455438139 0.868773556794
1.39119552345 1.83393156497 0.871788233515
1.15983614376 1.69313691594 0.860123189716
1.14660007905 1.76972615756 0.855929033945
1.15538542852 1.62962262383 0.856841228366
1.15500333873 1.70536011932 0.845358463483
1.16174426815 1.78250562489 0.843554629319
1.16745688125 1.64136720085 0.840372900803
1.17012926807 1.68951996995 0.83070884086
1.17609173116 1.76689577139 0.827890567162
1.18310626477 1.62539933898 0.826612255652
1.18379645016 1.70206059856 0.816246151092
1.1914303388 1.5617141854 0.815920555101
1.05622405064 1.92796047526 0.959340921825
1.05562916155 1.66483723933 0.964448450744
1.01337233973 1.54111060735 1.00379060101
1.00768672197 1.59696274463 1.05390339631
0.958670532721 1.45664657343 1.05752643537
0.917778426212 1.50992174561 1.10188962954
0.908700384792 1.36849199097 1.11586130811
0.860947826088 1.4222147871 1.15464924017
0.864933055997 1.28023092099 1.2003517611
0.809839125297 1.33459259918 1.21159955885
0.763628631045 1.19201488995 1.25213343992
0.749352868658 1.5297819165 1.25862876787
0.753607019342 2.12255253452 1.24751378959
0.773480904789 2.19557428501 1.24285531299
0.805840847954 2.05679948609 1.21389533768
0.808331234519 2.12123148868 1.19169322902
0.833057247363 1.9810221852 1.18255252013
0.867275948609 2.04489236593 1.1550991112
0.866184623417 1.90488917869 1.13475099089
0.893155981662 1.96849073781 1.12253951154
0.90460756396 1.82878170033 1.09670797698
0.927137884042 1.86397190971 1.07344292656
0.953389219601 1.95214423599 1.06270660801
0.961463087649 1.814618721 1.03868126368
1.23303218616 1.88109635238 1.03356240173
1.50146138125 1.73935609603 1.00350087474
100 1.65970605367 0.981522803254
100 1.50184576783 0.972953152447
100 1.3443316986 0.944604090966
100 1.18730935837 0.924930876776
100 1.11679170579 0.916546981554
2.00493087842 1.08515345098 0.936140839924
1.5628409363 1.07796584257 1.0151193229
1.52126179512 1.12107535572 1.14347713115
1.70517611713 1.33031120468 1.14721020242
1.89701460861 1.42691004684 1.06024476257
1.66173164018 1.29783595081 1.04912504409
1.42408750605 1.16004359189 0.957695453622
1.4127015766 1.22190377531 0.882073047361
1.39360239208 1.30752172351 0.880982267691
0.912254757919 1.54595224317 0.982766773234
0.900877898908 1.48531436453 1.01294003943
0.888813213165 1.35734821762 1.0711052966
0.834394053236 1.2189706407 1.07680697093
0.831091333087 1.26702234637 1.13089960781
0.769051204838 1.12429145914 1.14669985751
0.724174118087 1.21313578288 1.19212959197
0.718764041236 1.34236874526 1.19277629946
0.690233475856 1.21169077953 1.20480597127
0.687608270932 1.27968806648 1.22928990991
0.650781229691 1.13611020602 1.26079618232
0.652827610615 1.28266135982 1.26167568436
0.645635429171 2.34250413055 1.24973367364
0.665687423951 2.20839062393 1.23717679797
0.699188673649 2.27752441984 1.22071607336
0.691705146604 2.15879981305 1.20537468587
0.719896918676 2.23114772748 1.19409903175
0.722636597773 2.09039206606 1.17275170854
0.74245986032 2.15810848287 1.15851096208
0.773049880372 2.01678785817 1.14316658971
0.769524947735 2.10684952031 1.12658810619
1.04268257889 1.96989313561 1.11711667666
1.0558980809 1.94061946493 1.09258834142
100 1.75134924476 1.07122165961
100 1.5938451473 1.06701752511
100 1.43672947377 1.04080937995
100 1.28016498854 1.02240609679
100 1.12122308812 1.01497580194
100 1.04954143712 0.999903012479
2.36057989069 1.01827834586 1.03423668736
1.71047544508 1.0157235221 1.12261935668
1.51444928882 1.07623434571 1.32124329062
1.53158849671 1.16698915524 1.0597765601
1.96284344097 1.47094371993 0.991313168353
2.17522733378 1.57562511974 0.990302242296
1.9175185495 1.44587323568 0.941893982732
1.4220076067 1.50284603605 0.903074538119
1.40906403709 1.3621168561 0.895909974243
1.22091266878 1.41743506978 0.85011119026
1.20924888756 1.27588888956 0.813585864541
1.21849207628 1.33157926567 0.802900534049
1.25711683355 1.18958198344 0.758653750505
1.09809715321 1.79884025744 0.921449095187
1.08939891694 1.55030319703 0.92617602049
1.08028212998 1.61036195083 0.981434525177
1.02240762307 1.49396599505 0.993716877707
1.01659942101 1.54511423187 1.04779171845
0.952525117228 1.40211323767 1.35238518282
0.896155000006 1.26193440782 1.36772894026
0.889299358194 1.27603530889 100
0.822804777531 1.13533795171 100
0.781779193141 1.2587152054 100
0.780166006237 1.56183287335 100
0.770313984978 1.45641040112 100
0.767175719403 1.29871956465 100
0.770142973404 1.13969783267 100
0.764013993389 1.05600912881 100
0.817004874999 1.03666286887 2.20636392625
0.932415379444 1.0542666785 1.7718993227
1.09338741852 1.13375241444 1.73506035292
1.15056407203 1.25937770987 2.11749568082
1.05635526184 1.33649531397 100
0.9794770557 1.38142692456 2.28449944968
0.910778296245 1.24136680552 1.81510033307
0.899494117554 1.27816630315 1.56769755398
0.823738199423 1.13386459228 1.55209710352
0.821910590637 1.25550145353 1.54982143963
0.773043089965 1.36796705156 1.53458370619
0.752191582655 1.44781727278 1.51657519262
0.758871984505 1.30951409883 1.51243022145
0.731411592688 1.37944462581 1.28433329053
0.714898110457 1.45156186759 1.28529678502
0.717190884819 1.30888519662 1.30192058256
0.69192773861 1.38036601229 1.31133588472
0.678296891588 1.2384106021 1.32321287034
0.675923475783 1.30925937948 1.34076328074
0.653048741314 1.16814314362 1.34804092213
0.661342847752 1.52920710672 1.35751691001
0.662182100691 1.8885367011 1.33821429681
0.696000251574 1.99135198059 1.32080480652
0.738820830088 2.06090767145 1.28586048929
0.739010226078 2.1791796102 1.27836470115
0.938445496223 100 1.19763133824
0.93475164795 100 1.1291231025
0.940167655996 2.38856989109 1.07584154996
0.998351012901 2.23724107064 1.06322858489
1.06395953575 2.08369042592 1.00359423163
1.06617434447 1.93039330102 1.00166639465
1.12584913621 1.77802431041 1.1799427587
1.13875640033 1.62585390978 1.18007209838
1.19291154378 1.46952260143 1.42993313231
1.25397696285 1.28290851037 1.9175376809
1.26518513352 1.15318927044 2.16647961989
1.31770548292 1.08806991189 1.95251321727
1.40433191552 1.05191887804 1.54183192785
1.46678801645 1.02429363329 1.36284215108
1.46591628297 1.00324605465 1.54475971266
1.46237170236 0.981381211295 1.54803410986
1.28046147374 1.02259714085 1.37758264428
1.11970423068 0.990791702028 1.38186726093
1.11701208296 1.0767466763 1.38311017461
0.985107164012 1.0474099435 1.38170300864
0.984515917655 1.17274883906 1.37805092268
0.89102672434 1.32770587434 1.48260945793
0.893180758432 1.26291970967 1.47909194173
0.824226935639 1.13741557245 1.32181675174
0.783649365462 1.26300718855 1.48600515628
0.785979212912 1.56711039353 1.48040292563
0.771303799337 1.62385139586 1.24499683376
0.763913635078 1.48410364415 1.23662726552
0.771134193765 1.56054471252 1.24621785125
0.755731149714 1.6383046796 1.24648950387
0.751079982916 1.49638472806 1.25108062153
0.753822690082 100 1.26008181712
0.740866617691 100 1.25972894719
0.738928533778 100 1.2659088541
0.737038269286 100 1.27208939944
0.726635907863 100 1.27336638669
0.727510360473 2.48444113072 1.2810970765
0.720808082167 2.32522167881 1.28451503255
0.713076552283 2.16602327393 1.28738841446
0.721601709772 2.00685092503 1.29663265412
0.954743322067 1.84771136597 1.29734664893
1.21669804151 1.68861386739 1.30178259845
1.97854703342 1.52957155402 1.31088821523
100 1.37060363679 1.31057232348
100 1.21173939609 1.31653673194
100 1.05302575631 1.32292928158
100 0.981763305916 1.32484649535
1.92153819051 0.951235781971 1.36220066954
1.51223402229 0.930697490579 1.43089339191
1.33429766468 0.972121749181 1.08781255016
1.332163446 1.0642417503 0.960142609627
1.40812813645 1.20055694927 0.880163452531
1.39580312053 1.29527540034 0.877980237906
1.38652700413 1.16554521197 0.817414406871
1.3868831883 1.29380780063 0.817437566385
1.37598796674 1.62627963814 0.784093225609
1.36530980848 1.68870639189 0.779707559728
1.11934280344 1.77101507978 0.784676696438
1.11776011022 1.62962472624 0.782287245875
1.11603409089 1.68141897943 0.779072983961
1.11926265387 1.76215924641 0.782973878072
1.11905776392 1.62063861341 0.782555937413
1.11671378512 1.70059384731 0.778479151353
0.926400819066 2.22281635546 0.968618703855
0.919277103877 1.49956394555 0.995207289529
0.916002811969 100 1.00269813677
0.873030865802 100 1.03822456429
0.839380060903 100 1.08180813086
0.829252918758 100 1.08603327595
0.786302046303 100 1.12492013123
0.751657262888 2.48582829739 1.16718357078
0.744038733019 2.32899014892 1.17345865323
0.701015642933 2.17251865537 1.21036889746
0.70931093992 2.01649986436 1.22587718783
0.903021854221 1.8610477755 1.25772455882
0.91461619204 1.70475369514 1.296062268
1.41254540392 1.54637603448 1.3087991638
1.91048755235 1.3882238158 1.34237596531
2.40843461346 1.23038397661 1.38195707733
100 1.07299438097 1.39225684624
2.45362357098 1.00250408138 1.42552495722
1.60372620385 0.99968633522 1.58675762176
1.42576906847 1.05145500261 1.23235893778
1.27376019449 1.1581021871 1.08502203713
1.27185855602 1.29258469466 0.974780417164
1.40095041273 1.22722591318 0.905415058964
1.23586463464 1.28079222625 0.90070574862
1.23074624077 1.1419966727 0.830882202469
1.24086264645 1.21328275936 0.775742942194
1.24237000654 1.34073221242 0.775937495816
1.2530902513 1.42218185951 0.748629525425
1.26867823004 1.28376394083 0.734492526091
1.29109535256 1.35215863183 0.724679333341
1.29815192251 1.21175654784 0.702012327353
1.31579834323 1.27906195323 0.707519341624
1.33111019146 1.3493607668 0.675948983037
1.3441122974 1.20592193877 0.656048958401
1.36330129679 1.27579843324 0.657200358076
1.37581753553 1.13287514801 0.627737975508
1.15616913128 1.83397008235 0.905636715573
1.10122771896 1.56147535759 0.914339980342
1.08574338749 1.6141593616 0.975937381819
1.01958473962 1.47187575685 1.04736045312
1.01201254006 1.33094074149 1.0563795465
0.939528489532 1.36904893606 1.12202458137
0.870360093754 1.19798322119 1.19378551841
0.865332768585 1.27705325934 1.20040330285
0.808896871919 1.37352506422 1.20773092171
0.770107430609 1.23975309314 1.2502634578
0.761854953841 1.29881533107 1.26211373804
0.71497808284 1.15512503942 1.30058641881
0.714302622236 1.29444783683 1.30676758193
0.697562058651 1.61902229517 1.30406567876
0.705911535919 2.4347146793 1.29812029882
0.727118001904 100 1.2928280962
0.718423854225 2.37060787972 1.28161126581
0.730995738792 2.44358300696 1.27683207764
0.737348096575 100 1.26852972161
0.741435736051 2.37742884105 1.25886868889
0.756561105858 2.35767470609 1.25576499002
0.7582267833 2.19850359443 1.24459083846
0.76510170748 2.03936228334 1.23653410947
1.02996071759 1.88025842862 1.23412829828
1.02973204083 1.72120243562 1.22102329155
1.54842107106 1.56220892722 1.21463388209
100 1.40329914283 1.20937569645
100 1.24450515497 1.19784896248
100 1.08587776556 1.19319196511
100 1.00244630446 1.18779162855
1.73840608568 0.982925519432 1.21308515426
1.31420896712 0.999446745566 1.34945341649
1.31395117106 0.978631464128 1.34705696155
1.31619590487 0.949385554831 1.40134968129
1.52030196217 0.883892967438 1.30812761609
1.73586768767 0.854652851272 1.31174282216
1.33810136491 0.862992116078 1.3211756396
1.33961961822 0.92849074246 0.976527551007
1.38752763763 0.89923419009 0.974680447208
1.38693790271 1.01251847696 0.850273643049
1.84333454587 1.18367449289 0.780514124242
100 1.70175903136 0.786465010647
100 1.61801681817 0.791147412063
100 1.48613667161 0.835290667432
100 1.34768953486 0.890823571823
100 1.39878653397 0.892689879818
1.08058038448 1.2573580227 0.941271869655
1.06632535975 1.30885681353 0.955476519571
0.770305962738 1.16658062637 0.997523504926
0.735955598414 1.25280913614 1.01427256227
0.728548150446 1.365797242 1.03938653664
0.703565293522 1.20630737944 1.04690597434
0.708702579212 1.27386208532 1.06622310789
0.674544079451 1.13363187578 1.09335615535
0.668621733374 1.27852072157 1.09202193052
0.669584999516 1.8424062013 1.08048602793
0.695271074256 1.88881313098 1.07384187188
0.73025262825 1.74916657951 1.04118505208
0.733648979216 1.81259463279 1.0163518542
0.760190864534 1.67166429397 1.0078260863
0.797091461921 1.73464805563 0.976828514525
0.796647652218 1.5938453741 0.954188787038
0.82565712494 1.65663682589 0.942115386987
0.864044157907 1.51603630967 0.912940501353
0.860378028118 1.57862727781 0.912773106753
0.891465006886 1.43825370312 0.876715799577
0.90054279124 1.50062271695 0.849650959223
0.924680330418 1.566194008 0.846160228107
0.957543950821 1.42262408586 0.811702025169
0.963090793615 1.48813685797 0.78710452504
0.989137098881 1.3673659594 0.778737218186
1.00095784176 1.23153620833 0.749640157454
1.02384171829 1.2948105293 0.750395431731
1.05484997085 1.36107371498 0.713132929095
1.06310112965 1.21701734116 0.686924588642
1.08824162493 1.2830712388 0.683484304327
1.1207846726 1.13902171523 0.648116905399
1.11980954406 1.28601216258 0.650017549997
1.10582866333 1.62159121894 0.64434450206
1.10191321196 1.71965881214 0.665901521497
1.07427742774 1.78439863153 0.696673044675
1.05248572302 1.82533785031 0.697602890351
1.04869004519 1.89148334035 0.719496354993
1.02094770539 1.75100430049 0.752373569151
1.00113681681 1.81676947579 0.749166626072
0.994096100947 1.67669121799 0.773674341521
0.966797923798 1.71388198467 0.804369873771
0.946171045983 1.78118549037 0.803924794734
0.940899412315 1.63931773963 0.82717426032
0.913653782851 1.70631855804 0.859939084615
0.895315897513 1.56481023674 0.855991172844
0.886331817757 1.63147833388 0.881435742629
0.861011916679 1.4903679986 0.890236928688
0.864697760833 1.55666867259 0.908658339354
0.832099606516 1.41600131907 0.936030959257
0.808970384669 1.48189420292 0.941110119568
0.809157129269 1.34172276204 0.9618276063
0.778272893034 1.40716053501 0.990904749137
0.757652903874 1.47558034785 0.992657041468
0.753844532362 1.33247453413 1.01542010403
0.724942007176 1.40059097664 1.02806659799
0.707217108884 1.25784469117 1.04477797817
0.701479396341 1.29683604069 1.06932238581
0.670770780824 1.15534740693 1.08323282611
0.67204082833 1.31949346527 1.0923703817
0.673877029535 1.86413103681 1.07670163481
0.703611426936 1.93744050415 1.06485268354
0.709960081725 1.81933676913 1.0401026486
0.931505985767 1.14035905961 0.88852170682
0.900591884966 1.50070981195 0.84959769816
0.909042578719 1.6493687259 0.848898773677
0.912453788863 1.74012224626 0.838267987247
0.927107147645 1.60166651316 0.840816803513
0.927580628496 1.67694891929 0.82416559982
0.935605275201 1.53641973924 0.817486913176
0.947660635165 1.61038185425 0.815508947249
0.949125848308 1.68600659492 0.80118471084
0.959282824655 1.54395745927 0.797083918723
0.967529161361 1.61891272728 0.790755296295
0.971234775066 1.47785387196 0.778806936512
0.983404297948 1.55207143776 0.777424760975
0.988008863346 1.62800556305 0.766504238955
0.993855631144 1.48551809837 0.757085357235
1.00793810293 1.56078212987 0.760465873549
1.00906150019 1.41929326818 0.742804355291
1.01695417327 1.49381079552 0.736078105803
1.0288111101 1.35344517247 0.7349350147
1.03065195639 1.42712705186 0.719710093723
1.04142244263 1.5257614498 0.72912732813
1.04536695503 1.38773751283 0.708262630564
1.05189867763 1.46400357319 0.699687252483
1.06572929173 1.32258137077 0.702100700527
1.06654509063 1.3971955884 0.684655746003
1.32500732192 1.2789693624 0.682967402827
1.33128619665 1.35769071756 0.674112268113
1.85088638548 1.43483377598 0.663540249931
100 1.29215989697 0.669837935072
100 1.3676893211 0.649964440344
100 1.22595650202 0.642524084462
100 1.14183311011 0.64372769076
100 1.0588422514 0.633366202994
2.32673379018 1.0391923455 0.694050650617
1.67629987934 1.03075624589 0.693416899206
1.65606653858 1.19168027622 1.00212057439
2.26856279342 1.336732184 1.0936786034
2.47902062127 1.45004669997 1.02331377141
2.2288340098 1.51048396659 0.970025336376
1.97682794754 1.37057942406 0.95586865295
1.49483197501 1.41740849891 0.895655722622
1.47849260579 1.27303920884 0.893398306538
1.3137380477 1.29164531744 0.826126425811
1.30051881476 1.14644838521 0.763827871671
1.30035930483 1.2777996866 0.76160360046
1.28919997381 1.39775958655 0.727689733604
1.27947346759 1.48401717784 0.72290779103
1.28710790591 1.56419099076 0.726014944341
1.28629540968 1.42300767607 0.714097475894
1.29192393466 1.50043468934 0.713690521269
1.29665995819 1.36022660072 0.711698778834
1.2974818181 1.43664994313 0.70252918079
1.12449383973 1.8905024625 0.875905830661
1.14806318444 1.63780099531 0.913784496587
1.08934867184 1.70057756589 0.979116318704
1.08651126035 1.56017708299 0.979980342446
1.02162837756 1.4203667428 1.04007910277
0.963710303537 1.46374223655 1.05225681543
0.959019193658 1.32224177746 1.10644474146
0.894512229235 1.36693176045 1.1674288387
0.83801694265 1.2242301234 1.1775524072
0.831573679875 1.27056275051 1.23317675911
0.767501839057 1.12654142409 1.294799338
0.730895904828 1.24558802968 1.26918457965
0.73101802798 1.59193415836 1.27647840029
0.723447886342 1.46207856747 1.27701694095
0.724340557752 1.51430629545 1.2830070602
0.720781367834 1.59368392392 1.2855788664
0.71390206918 1.45175649632 1.28631681745
0.713970490973 1.50157578491 1.29183395008
0.71253723932 100 1.29559374826
0.704356581049 100 1.29566389094
0.707802677204 100 1.30206922362
0.701414779321 100 1.30313285563
0.696011325976 100 1.30475178759
0.697196624074 2.48084794101 1.3107845329
0.693024475883 2.32163993891 1.31306085087
0.686292315405 2.16245470464 1.31400758404
0.935593776223 1.97147024242 1.31958337609
0.931934943903 1.83782202241 1.32120849716
1.19632655848 1.68383169332 1.32327989558
1.07560558711 1.14912173021 1.50810752682
1.07711406372 1.13188164279 1.34086989949
1.2481497911 1.10574041029 1.50843293118
1.43916693252 1.01437264796 1.50554800676
1.64400097924 0.989828341681 1.6975867462
1.85911945846 0.968837188921 1.90461763586
2.30820652389 0.938861409095 2.1707297697
2.31469245849 0.907385338262 2.11316538607
1.88029219262 0.883572041841 1.66976983655
1.49113062429 0.907155625354 1.26588964244
1.32934142756 0.880087182022 1.08987396076
1.20270703889 0.961903074489 0.942952700861
1.12376932049 1.09137660652 0.83850073919
1.12500830345 1.25477118233 0.793114569982
1.11830642613 1.58216000238 0.793857522847
1.12065551877 1.45168598133 0.774859944634
1.1324544621 1.52667641223 0.76822761799
1.14301767712 1.38639898871 0.760229320159
1.14957575044 1.45857876733 0.745459226254
1.16332282834 1.53275750916 0.751921951574
1.17073642483 1.39019123478 0.72879973753
1.17915749795 1.4637165819 0.716687808712
1.19454183478 1.32204203372 0.718769575204
1.19897793053 1.39485400083 0.697934054065
1.20915495735 1.2541929318 0.688711206828
1.22259041477 1.3262021751 0.686021867184
1.2276908326 1.40048328815 0.667702784672
1.23953667672 1.25779579985 0.661632034683
1.2499749628 1.3313832387 0.65373882259
1.25684272035 1.18967722338 0.638196061108
1.26237688322 1.34184889174 0.637934220651
1.25949996323 1.94222384794 0.651702150376
1.22101918279 2.02208194556 0.695083008583
1.21522303216 2.12072939861 0.748382388678
1.17174224882 2.09717747029 0.739455208456
1.17533386744 1.94203310627 0.784241749975
1.37259758077 1.78478608058 0.790450547265
1.37895193384 1.62666071366 0.827267507597
1.63757751967 1.46880012233 0.873426959338
2.13475947896 1.3113023808 0.876457633281
100 1.15431653109 0.915419078037
2.18091762383 1.08403923336 0.919520524986
1.54278289631 1.07641041352 1.0783809666
1.54242802406 1.12016266082 1.22471929331
1.54757098107 1.21736449595 1.16201201951
1.53878565602 1.30326850341 1.05002114036
1.52618512626 1.14455548386 0.944448267962
1.52687630763 1.22039626512 0.935338620656
1.51848827211 1.31279048457 0.855009595631
1.51516072885 1.17761611422 0.792349755326
1.51795261727 1.30857685869 0.787233420503
1.50774233188 1.40325228152 0.756404613911
1.50307437836 1.48477650412 0.748017042404
1.14698024849 100 0.853132800735
1.14519201518 2.04388492485 0.858023743868
1.13440786773 2.12985593892 0.868493063246
1.12541920154 1.99320127496 0.891599302092
1.108234027 2.0630167757 0.891865109416
1.09854135787 2.13404826922 0.90813261311
1.08561005218 1.99249093093 0.920418521362
1.07025334788 2.06299128309 0.929935582791
1.06740028958 1.92193591493 1.19711508504
1.04620086474 1.94651418338 1.20640298793
1.03279460005 1.78742989035 2.47703618084
1.02148052702 1.59660194084 100
1.00616462916 1.43766128876 100
0.991969642041 1.27882565107 100
0.987474350958 1.12013970306 100
0.974921660275 1.04877312292 100
1.01205818644 1.01716384944 2.24992002627
1.10370951254 1.04452673544 1.61144741164
1.24012066373 1.10953792682 1.60922598079
1.10107304618 1.08094401764 1.61129016606
1.09912014901 1.18720330129 1.60954214804
0.994688484623 1.32337780615 1.81457240524
0.920716940973 1.23322559007 1.80010300435
0.907224958373 1.2774263631 1.55951490501
0.826302975473 1.13354713728 1.54931775807
0.775492455086 1.24335345007 1.5487652911
0.772618496056 1.55508988107 1.77001980973
0.76205205037 1.64098212817 1.50324646393
0.75730868752 1.50091670406 1.49486164254
0.759391135621 1.57799097876 1.25652258996
0.74654363639 1.43745664809 1.25394660575
0.744647662973 1.51336352997 1.26049160157
0.742069190482 1.5908268398 1.26660622387
0.731772704394 1.44907613393 1.26822787319
0.72842759984 1.49735388705 1.27540609015
0.725740706316 1.37973842595 1.28021584296
0.811918376765 2.29723546475 1.20670426529
0.805126158659 1.77815225083 1.20289610374
0.804806789392 1.65493529074 1.19810952468
0.806599101261 1.73918212638 1.1951799393
0.81647610114 1.82177355838 1.19773240486
0.810935142437 1.68177427719 1.18978855892
0.815529929696 1.76292283105 1.20144920525
0.821005473001 1.84494231687 1.43766398521
0.817983846976 1.70466064447 1.45445133948
0.82498193038 1.58781141448 2.21846358511
0.830111235723 1.39696774164 100
0.826061485652 1.23802357445 100
0.830117255119 1.04745840286 100
0.830168080677 0.995786767672 100
0.862642077364 0.973610410066 1.95859700633
0.957069606849 0.978898274211 1.75188377794
1.12860537235 1.16889925155 1.73371985514
1.02078241753 1.32597217743 100
0.964118883407 1.64808819837 100
0.934909624716 1.72958228383 100
0.936354463899 1.5907773765 100
0.902157051007 1.65689438528 2.44056169991
0.876796067114 1.51513982165 1.69443822386
0.8746250436 1.58041518449 1.43054957656
0.842107682242 1.43878941118 1.4218851248
0.819094982986 1.50379238067 1.20951949185
0.813194995237 1.36244780386 1.20461426564
0.782524421792 1.4271737487 1.22067457899
0.762231365431 1.28615043719 1.23918793634
0.752027652163 1.35056686781 1.2644053406
0.723522566856 1.20990704141 1.27743933705
0.728368045223 1.27397413396 1.29779525189
0.69252240654 100 1.32502306718
0.66237919795 100 1.33908722174
0.670909361057 100 1.35896852302
0.631320378903 100 1.38492964155
0.603825535393 2.38655105969 1.39630872887
0.60840606629 2.22771047857 1.41781517255
0.570512865429 2.06895017745 1.44510050413
0.796202596684 1.91029017213 1.45400925607
0.789974504578 1.75175771478 1.4770056371
1.05180060974 1.59339087652 1.49327133225
1.79818790432 1.43524448232 1.51213396851
2.30363037744 1.27740040991 1.5365001829
100 1.11998648877 1.55026640523
2.34891405123 1.04947260235 1.56669403695
1.68708211144 0.990653864219 1.68538627368
1.48802687896 0.969019114983 1.45554330045
1.30653474658 1.0144189387 1.27418369053
1.1544932233 1.10381619222 1.11725045335
1.15293153261 1.22981054314 0.993471764375
1.29311232589 1.3432133115 0.910581976426
1.12171349535 1.21528350284 0.848496532184
1.12251195101 1.26178264535 0.84137885531
1.18879540843 1.11746672315 0.772194219615
1.190515392 1.24580613282 0.772180014284
1.17565440629 1.3635560202 0.729038160502
1.17902129387 1.44788345808 0.716087856543
1.19014934935 1.52636275708 0.72473712575
0.984699262065 1.85725926349 0.916352816308
0.967174496439 1.56899836927 0.956919550764
0.953608367645 1.63873311077 0.958832768443
0.913616030522 1.49742282752 1.00097028308
0.911077414698 100 1.04866496815
0.861094854885 100 1.05220195481
0.816945937242 100 1.09441042559
0.821219488162 100 1.14014809757
0.768873057522 100 1.14598048054
0.726018895905 2.43647002251 1.18622565872
0.727916686202 2.28039634726 1.20155761443
0.676355398728 2.12481095744 1.23663266942
0.885536113171 1.96982957144 1.27826053673
0.875871740345 1.83821784032 1.28752595013
1.12708372226 1.68527988926 1.32581763384
1.3854201975 1.52857881061 1.34284370074
1.8811995751 1.37145285184 1.37718393908
2.37705891595 1.21469682487 1.41749980819
100 1.0586754659 1.43197424201
2.19994162778 0.97749708202 1.5235719384
1.78325005563 0.952382134946 1.61616228076
1.59543034997 0.920920949071 1.23467883239
1.42762537227 0.965566846806 1.07379961508
1.28969695675 1.06525317522 0.948324809094
1.2881760242 1.20662726111 0.872237441902
1.43728946272 1.30407055877 0.87105524572
1.24941188125 1.36875922886 0.815483097724
1.24759015254 1.22652918224 0.770703535049
1.29980439617 1.28188808202 0.762003639232
1.30689901545 1.13651259505 0.709007740417
1.31583653358 1.27484805888 0.70838370833
1.31805760709 1.59813229187 0.685327368502
1.31462071012 1.46445894143 0.687504892217
1.31527925449 1.54822323571 0.702966316736
1.30693196228 1.63174011697 0.69364455325
1.30488221733 1.49079873331 0.700184037147
1.22425799115 1.769640022 0.784042987191
1.21450705383 2.148612982 0.786026993315
1.20175730895 2.02407495828 0.8148721933
1.1755018998 2.09032995737 0.824969577303
1.16787652668 1.94971488582 0.848867731663
1.13618225128 2.01273291969 0.882408774183
1.11164550525 1.871604574 0.888387579217
1.1009376487 1.93437592834 0.914876513364
1.07078790126 1.79335805927 0.950064638113
1.0483156039 1.85599069165 0.952704840829
1.03438742424 1.6873410532 0.982046428776
1.00525265299 1.77192646916 0.996368381126
1.00264012014 1.63579055819 1.01773039501
0.96791529495 1.69899866137 1.04805048999
0.941518840858 1.55865282159 1.05854257788
0.935027411852 1.62083764333 1.08305971753
0.901970080846 1.48051546882 1.11507515954
0.877884195986 1.5424713884 1.12246003215
0.867714219499 1.40236349711 1.14890038079
0.836503781993 100 1.18232123258
0.839406289494 100 1.18694930052
0.80068320642 100 1.21508852519
0.768919869606 2.44720224022 1.24856127506
0.775049755047 2.28920919619 1.25477903171
0.734229857988 2.13142007299 1.28217104316
0.703804380449 1.97388377461 1.29697528566
0.706573713053 1.81666607508 1.3195897542
0.915453834769 1.65985750761 1.34846027276
0.924091450128 1.50358608246 1.36050316575
1.42788540147 1.34678242672 1.38480212093
1.9318453879 1.18761066329 1.41500555626
1.95389042805 1.07174756503 1.42041282476
1.50474972832 1.02781456742 1.52457566542
1.29588484683 0.997343325602 1.5287936677
1.72862034665 0.96748820151 1.53187411305
1.51617033477 0.941645290506 1.53249463882
1.31779770652 0.915359786579 1.53340960164
1.31998346515 0.924192488078 1.33765259896
1.51931515417 0.866999543479 1.53246153216
1.73059987028 0.847454616731 1.52959050743
1.73639053844 0.819168188233 1.5232110416
1.53642144764 0.815557977995 1.3143136841
1.35314731084 0.885453011191 0.956469736657
1.19736611992 0.85640636859 0.954931687745
1.31977900755 0.975418536539 0.822590220743
1.32070817777 1.12757142558 0.742616449119
100 1.53715315307 0.735575576377
100 1.61284560131 0.788616960711
100 1.48372609893 0.783112367573
100 1.56064713826 0.836493154876
1.1775263494 1.42330138125 0.838270733609
0.885955311408 1.4774777507 0.885855248673
0.878725088693 1.33456322081 0.941773481015
0.827035795292 1.38864271593 0.940854440979
0.830460317551 1.26756768289 0.990658808624
0.773707532968 1.13159418173 0.996975000938
0.732793689795 1.21706140553 1.01811827988
0.731897231927 1.32885695481 1.03690526807
0.704847269071 1.40796694819 1.04627763875
0.709247184302 1.28882243476 1.06311814213
0.677748929385 1.15314044406 1.07730743012
0.675501059817 1.50852351992 1.08722213973
0.730552517931 1.65342801409 1.09426280088
0.722257909168 1.71823111967 1.04586977881
0.776470058349 1.57744064945 1.04356921277
0.782007380085 1.63128321562 0.988579581154
0.828366737368 1.48742585147 0.941132214101
0.883729833878 1.3469628362 0.93636007939
0.890700468692 1.36844473186 0.881563737247
0.93583101699 1.42288823168 0.832671990103
0.989099203011 1.27799643633 0.831399971402
0.995185363617 1.13698347923 0.774898626376
1.01523266357 1.22711622367 0.735118022075
1.02609932184 1.57613214569 0.736230672558
1.02571271471 1.44714438732 0.724296841084
1.03483175247 1.52675943232 0.726118107341
1.03683558079 1.38640595543 0.717733201988
1.04001764341 1.46269988478 0.71095219246
1.04882196669 1.56354474746 0.71424684975
1.04808895623 1.42545875378 0.702015175488
1.05589425839 1.50381488692 0.702170773393
1.06011040343 1.36248503281 0.696906064674
1.06208105969 1.43913488211 0.688154349368
1.07177732707 1.51732553845 100
1.07269535811 1.3746656774 0.680882310256
1.07657346442 1.45206669612 0.67500216873
1.08572145212 1.28289844477 0.675158558977
1.08811859737 1.3588571745 0.666889925245
1.09119606641 1.43654294417 0.659652201778
1.10177767894 1.29470504383 0.667819284146
1.10100371298 1.37152032987 0.651172412382
1.10591972298 1.2311019509 0.646967425505
1.11503006013 1.30692881876 0.649994255598
1.11435423089 1.38456212779 0.636143011083
1.12106070016 1.24283562779 0.635107670727
1.13086404703 1.29115595339 0.637078213747
1.12947705623 1.36908898731 0.621631449845
1.13537737024 1.22689667446 0.619258502622
1.14264700174 1.30393269312 0.619462325017
1.14308774033 1.16320666348 0.606986873803
1.14757978808 1.76582698558 0.626467238063
1.14219705427 1.73444051548 0.626105674062
1.10013951697 1.79875472993 0.675496265207
1.08915407409 1.65882837846 0.736975505241
1.0405104045 1.71233238851 0.727477332042
0.999512366056 1.56949026579 0.78025027641
0.985075632402 1.62325662466 0.786361689466
0.937820204582 1.47969716033 0.831099726769
0.935146345946 1.53424029745 0.884881127915
0.881144175185 1.38999068752 0.888310481628
0.852495154532 1.62954803312 0.915524819807
0.847907353591 1.73480526082 0.902302176747
0.855404556779 1.82604825988 0.910339846083
0.847301911433 1.68837399489 0.904446702461
0.847078470781 1.76741400216 0.906020927741
0.851324119481 1.84719036892 0.911771928415
0.843784405478 1.70657772148 0.906527923721
0.84594887614 1.78549660137 0.910327463818
0.846072292402 1.86547899141 0.912223011373
0.840857817757 1.72431274245 0.909175610296
0.845386564123 1.80355525415 0.915140857145
0.841371349659 1.66371852382 0.913211924549
0.838503568258 1.74214300869 0.912351045759
0.845401510203 1.82170200341 0.920459578579
0.837227387992 1.68129849264 0.914733702878
0.836726413406 1.76007001545 0.916048614704
0.841583531272 1.83993513214 0.922248740498
0.833648693407 1.69898393307 0.916785672278
0.835530036099 2.03923065965 0.920262023411
0.83623015543 1.89871497627 0.922658414037
0.830642571914 1.97896215647 0.919364282562
0.834916932992 2.06007205351 0.924984222787
0.831429731869 1.91926351133 0.923596693409
0.828215258237 1.99968097132 0.922465117308
0.834888389075 2.08093934114 0.930207464236
0.826365302856 1.96224173546 0.924041824685
0.828826646213 2.04760269706 0.927938288171
0.828345764008 1.9081157153 0.929245807163
1.07344595485 1.98847324345 0.92664266172
1.08290708942 1.85148819348 0.932904808477
1.84762050417 1.69223061507 0.930340345482
100 1.55847427379 0.930967009736
100 1.4043399697 0.935212100416
100 1.24616700799 0.931065544781
100 1.08723141883 0.935851414895
100 1.01567304712 0.933038281364
2.07813938498 0.984188999534 0.966459942588
1.47343171965 1.02204672586 1.18838789305
1.47236537996 1.10410991671 1.1929427361
1.51323675638 1.2177676934 1.06178278291
1.50181154202 1.32125633744 0.968547510718
1.4853631606 1.19478267118 0.895225479252
1.48148695758 1.31326933591 0.891054876081
1.7060004271 1.63124265313 0.847205460268
1.44305545602 1.50037466366 0.828877011326
1.43716509743 1.54451373313 0.816587815512
1.20953128292 1.42726191751 0.806939683465
1.20838228696 1.50144215367 0.792304366005
1.22605361409 1.57436244035 0.790749425925
1.3477153802 1.0907388132 0.714032233705
1.30723734038 1.5098495695 0.701647570174
1.31362453238 1.9992746947 0.706370602541
1.27203500041 2.06901613628 0.745572184043
1.26457937763 1.9307629078 0.798688218518
1.2169435941 1.98505820856 0.799101450487
1.17575160164 1.84319386141 0.844491528211
1.16540691273 1.89733106875 0.89854807102
1.11887428265 1.75491852698 0.896693972138
1.07943347192 1.80953898249 0.943697634697
1.06635942877 1.66666424655 0.954316251289
1.02112725808 1.72184208787 0.99473940348
1.01888710339 1.57846828812 1.04301658972
0.967466281582 1.63426255538 1.05081572577
0.923818824871 1.49034236608 1.09310221217
0.91926443334 1.34989609968 1.14241907434
0.868780146733 1.40229973948 1.1478794587
0.827103939441 1.26135958671 1.19170372855
0.81968447056 1.31435714938 1.20670958516
0.77038058408 1.17286081857 1.24537551671
0.749893402777 1.50715359528 1.25377853782
0.750311632333 1.62362130562 1.25339357012
0.754616646494 2.39077407314 1.24709758922
0.771234732024 2.46698658875 1.24579088923
0.766499446871 2.32765105625 1.23423457257
0.775036255356 2.40192090912 1.2293434582
0.784395956309 2.4772632977 1.22501540659
0.784968664259 2.33675876511 1.21504790212
0.794426775363 2.38343785573 1.20872450537
0.805609785232 2.29119559444 1.20568968445
0.807672068165 2.10033695952 1.19446640792
0.910667226291 1.33777614063 2.0177880488
0.912289952415 1.31308849522 1.66970308323
1.09653653055 1.18211508836 1.48888098149
1.28185416825 1.07765613805 1.47700070131
1.28467044014 1.04709565068 1.66033550268
1.48103664508 1.02570829597 1.6575561406
1.90693705643 0.984095648653 1.85827720944
1.91232851801 0.955151235765 1.85164863817
1.50348856366 0.941034986459 1.43963038601
1.32715837746 0.98138824469 1.25400083034
1.18121424338 1.07196101742 1.09209243516
1.07948938617 1.20505014351 0.963453116752
1.08075895222 1.32373258363 0.879658886728
1.0924542242 1.1961280019 0.819388341493
1.14663064624 1.28584611444 0.814178028048
1.12935094133 1.39189391802 0.774332959745
1.13791992252 1.47170789345 0.757271513642
1.15511081017 1.33282707301 0.758811667653
1.16084200655 1.42593443856 0.734984198377
1.17470096113 1.28981892302 0.725663968216
1.18817622561 1.36064582653 0.715656146054
1.19738482094 1.43325323369 0.697636696344
1.21354400111 1.29016170437 0.702913069474
1.22392542403 1.36204749068 0.675953120939
1.23719809677 1.19167114859 0.657853051941
1.2526317173 1.26224435397 0.666193347661
1.26414041049 1.12156428361 0.637260337804
1.27179621262 1.28824749441 100
1.25181559451 1.8697084997 0.643243166482
1.23515968408 1.94660561741 0.676165189299
1.20043730778 2.04365342559 0.717742972951
1.17258802251 2.13975697722 0.722669742679
1.1556326594 2.23568948444 0.755642190219
1.12248532305 2.20473682 0.79889942587
1.11508034569 2.04633648268 0.800224141218
1.3232016765 1.85647079095 0.836170120178
1.32462079471 1.69848369318 0.877480511571
1.58233237047 1.54077985446 0.881659007044
2.08207477192 1.38345620528 0.915829261916
100 1.22665904876 0.958463503157
100 1.07061973419 0.959727537933
2.39745512037 0.989427034158 1.0002505487
1.75280004083 0.978858917205 1.08432194175
1.55875657516 1.04494089107 1.21219176658
1.58015625554 1.14549887182 1.0118159036
2.0121459504 1.27394308712 0.943450388525
1.99722766205 1.36770482389 0.936292186383
1.74485858235 1.42780826215 0.881045496462
1.49312850563 1.2858872833 0.878609630579
1.4881886889 1.33711586364 0.81669769453
1.18327735455 1.38539782595 0.833335075989
1.18128036924 1.72902445816 0.819256143757
1.18930299555 2.43366121654 0.826321834808
1.18493359397 100 0.815987995326
1.18779046181 100 0.816103002518
1.19188403728 2.4581511294 0.81802424045
1.18952922972 100 0.810525131722
1.19407543888 100 0.813130851342
1.19522507814 2.47978273214 0.810754526993
1.19455195474 100 0.805672730162
1.20074337213 2.35596621502 0.81076080047
1.19783903497 2.2221226972 0.80300583251
1.20098252771 2.06786838719 1.05305038386
1.20419008906 1.90954040637 1.05320739469
1.20238890253 1.75040165734 1.56771274014
1.20743180591 1.59110452059 2.33220319033
1.20765861216 1.43178046116 100
1.20753842309 1.27245753274 100
1.21420671323 1.11314419069 100
1.21097208999 1.04147553934 100
1.2430230603 1.01009946657 2.04084159291
1.39412068528 1.040339056 1.43467548649
1.23130555315 1.11495940616 1.43354681772
1.09682717483 1.22154304338 1.4776382146
0.991152874566 1.15486008937 1.47701738317
0.982360069242 1.21912213929 1.48016892807
0.893434843252 1.14850326748 1.4800829674
0.890184262777 1.27178418403 1.48170693922
0.835597163989 1.35829121976 1.46950849316
0.802225995321 1.42935737179 1.46215320057
0.807135692579 1.31284498671 1.25441729616
0.769937931217 1.38137772017 1.24563842475
0.743673919044 1.24150842166 1.25636275859
0.741917416838 1.3052231338 1.27928718622
0.708313225987 1.18690582143 1.29404856601
0.709381578465 1.54201642744 1.30766168448
0.706559279316 1.91889233312 1.2947361659
0.821340756443 100 1.24614034805
0.807366543474 2.08527511011 1.21517068786
0.803097824481 2.18839030302 1.19825197816
0.828893077405 2.05066354362 1.18745444596
0.835582250798 2.14174710949 1.16521082614
0.854066477858 2.23265350343 1.15009446447
0.882033056494 2.32365738466 1.13570637635
0.884818371288 2.18410764772 1.11519164846
0.905701638561 2.09068485238 1.11044636782
0.935404458727 1.93160231469 1.33389537107
0.934762801586 1.77256991629 1.33520306699
0.957845866885 1.58181871787 1.60134370046
0.969711314144 1.44837868042 2.10532683244
0.985366744077 1.29469378321 100
1.00965144832 1.1054894601 100
1.05034987667 1.02259640486 2.43997553036
1.13796206562 1.00404926037 1.78373581049
1.26786491851 1.02159526871 1.58370734826
1.12057229317 1.07952170533 1.58968780177
1.11869263901 1.17714236342 1.5880474278
1.01033163368 1.31157762692 1.79516332254
1.01185484099 1.24753004957 1.78478424368
0.92364626451 1.29532665347 1.54494636102
0.843627882746 1.15274446093 1.53370728946
0.838483313014 1.27258748274 1.53327110733
0.788083361776 1.38290188683 1.52068569269
0.763383216269 1.46017365188 1.50664581201
0.762999818742 1.31960753299 1.29917065803
0.731405978861 1.35841301233 1.28427087382
0.70964111501 1.23933766581 1.29064491594
0.70565454706 1.31060568737 1.31265669243
0.675964002241 1.16962353589 1.32624455033
0.676989457715 1.31599438775 1.33795380337
0.677404166297 2.40217140786 1.32262684944
0.704029601646 2.26776630593 1.31189906045
0.743169125747 2.12958802297 1.28498022898
0.737325050669 2.19221655485 1.26450204349
0.767988964347 2.25681847528 1.24912541516
0.77692245448 2.11496484558 1.2237267414
0.799526910427 2.17938385594 1.21711566095
0.834273101919 2.06017054289 1.18815793573
0.833783802499 2.12941274027 1.16722254298
1.11022075609 1.9882406658 1.15362784542
1.1239114141 1.86531381753 1.12709579302
100 1.70674656386 1.12290074849
100 1.54774638735 1.09080699097
100 1.38882095946 1.06608084908
100 1.23000694186 1.0589507582
100 1.07135548922 1.0283539028
100 1.00000943826 1.0225413931
1.96505095227 0.965207521813 1.06802539216
1.54425887156 0.986543119006 1.16687717967
1.54193315153 1.04613516662 1.22778544101
1.54204856805 1.14738031197 1.07981920122
1.74480507694 1.28173899577 0.968394087127
1.95047653901 1.40060304969 0.898887889672
1.69999869571 1.27174263477 0.898170445462
1.44809309225 1.3224364453 0.830428975878
1.4367291646 1.17732230465 0.771435379071
1.43676785777 1.30962689189 0.766173212534
1.42524571333 1.42998924474 0.738347631747
1.41300349059 1.48886813804 0.73426712977
1.17448473834 1.56810480957 0.73742852049
1.17012626502 1.42727352182 0.72533098562
1.0505735955 2.00493799605 0.846402828771
1.04202583554 1.71403250791 0.869174053317
1.04162920288 1.58365987168 0.917896321321
0.989319375328 1.64051701216 0.924630251698
0.944789941935 1.49776823652 0.967927448685
0.940251997314 1.55303264356 1.01914717437
0.888430196781 1.38085702371 1.0270002703
0.84253295832 100 1.06934771343
0.841257995019 100 1.11891684408
0.787849519893 100 1.12548729226
0.743904056013 100 1.16945725802
0.739950344194 100 1.18571224175
0.688867523728 2.41131296548 1.22232605856
0.69497304105 2.26139996483 1.26944128723
0.636982365777 2.10759398105 1.27905113281
0.8396114079 1.95025902888 1.32167713559
0.832290108501 1.79308594545 1.33969004098
1.08658641876 1.63629666446 1.37772797203
1.57978342891 1.48004907008 1.42168820921
1.83848882853 1.32454226171 1.43715657285
2.3311713701 1.17007316488 1.47679551914
2.11474776864 1.10120207029 1.52222643553
1.68758147511 1.056661556 1.59814025859
1.31429143276 1.08359225267 1.34331827784
1.3164026227 1.06075790837 1.34130523201
1.49173118697 1.03186827581 1.3380081892
1.49628154939 1.00147675748 1.33224183037
1.33390058487 1.08206254077 1.16610046052
1.20602935583 1.05359284753 1.03029249806
1.20624918636 1.342273652 0.93551919866
1.1935153159 1.44433597598 0.880963995985
1.18600865068 1.31168116301 0.876604321167
1.19769194208 1.36648704909 0.820034999678
1.24471963981 1.22211379026 0.772890166353
1.29801012279 1.08146978543 0.764071592638
1.28034017035 1.2103281896 0.72045540242
1.2398051871 1.4757267144 0.760427434827
1.23761091086 1.86188441657 0.765234156863
1.22705854789 1.96655700698 0.77644665229
1.21709092139 2.05882368731 0.801467963237
1.19839856375 1.89126912407 0.803047364411
1.18619690692 1.979552313 0.81681775834
1.17678978496 2.06809889269 0.84051927009
1.15933215395 2.0877442838 0.840859806589
1.14900749484 2.01700949653 0.857116839853
1.13644927552 2.01723709444 0.870278755529
1.1183177364 2.0582087172 0.88217191814
1.10740564078 2.12861122557 0.897428070985
1.09605663008 1.98746787431 0.921670741814
1.07952498658 2.05745292235 0.920477267681
1.07068119447 1.91685147423 0.937923014521
1.05588197979 1.98638488641 0.94850686532
1.04124547819 1.84637380068 0.959378872763
1.03676657419 1.91541716646 0.978825997127
1.01612582245 2.416996451 0.985698573277
0.999935331678 2.47753987942 1.00034256465
0.997124702464 100 1.01878524178
0.975026596607 100 1.03182032804
0.961299256524 100 1.0398445074
0.955815289128 100 1.05975116643
0.93589230808 2.47304522842 1.0648834182
0.924823453926 2.31485612027 1.07923690719
0.914751953321 2.15664845585 1.09437154707
0.896931131094 1.99858566118 1.10308564672
0.898948475345 1.84073919744 1.11933003191
1.12349740193 1.68261290221 1.13107509165
1.13207931758 1.52325705524 1.14182063217
1.64232715005 1.36390270792 1.15979646221
2.39619707428 1.20455051721 1.16837263122
100 1.04520148247 1.18101204586
2.44091917681 0.973537289294 1.20705760633
1.53633729229 0.942378098849 1.2728270258
1.33320760629 0.955967964736 1.32636684934
1.34803529612 1.02721286255 1.15441424936
1.34807912934 1.1417855647 1.01106597107
1.56095201808 1.2869758119 0.907181477145
1.77534054535 1.4146707795 0.850253327239
1.51811368508 1.28775935315 0.853876403688
1.26150448343 1.34677988171 0.801589013757
1.25765777285 1.20471507269 0.758984929112
1.05930717767 1.23253400546 0.762755939986
1.06337803504 1.09016866053 0.708258633058
1.0724058416 1.22711370979 0.678225890466
1.07702901206 1.54960401849 0.693239260377
1.06455319603 1.64231668403 0.685515623949
1.0600062245 1.72996989091 0.698582720038
1.05117611841 1.58926200264 0.705307229628
1.04067506889 1.67470715755 0.709667651663
1.03811272965 1.76068883793 0.72556737562
1.02573544114 1.62023397646 0.727359251815
1.01717835846 1.70538810341 0.734655554981
1.01543679596 1.79113685591 0.753007014575
1.00073822329 1.6512161555 0.750227631403
0.994221033814 1.7361404359 0.760255713437
0.989016968134 1.8216711527 0.780877304821
0.976216934721 1.90772674293 0.773828370771
0.971842480942 1.76697395839 0.786407928903
0.962652048127 1.87482275785 0.790127719269
0.954762914401 1.81715783701 0.797761956119
0.95215162963 1.82546336555 0.816245678186
0.937809392527 1.75176370239 0.812662532624
0.932227874046 1.82507027326 0.823483065588
0.925751554118 1.85656863841 0.833209960703
0.913468216238 1.75821759262 0.836537849815
0.910201083899 1.83245558179 0.849697668168
0.899805353056 1.69162610237 0.855171652514
0.889684188064 1.7652220108 0.861020100347
0.891474924487 1.62533685712 0.876370947738
0.874335342393 1.69822737232 0.877825442408
0.866504705562 1.77281298498 0.886055528866
0.8644298951 1.63150117256 0.903462592958
0.849160241148 1.67709749767 0.904026783151
0.840335457644 1.75221806303 0.911319795676
0.840208272932 1.6101478064 0.927564811241
0.82394597881 1.68464671372 0.927105507929
0.817592425245 1.54348576825 0.936612940206
0.813303563983 1.61729817172 0.947838537009
0.799299413784 1.47715032805 0.950769970622
0.795568841953 1.5502014769 0.962373391962
0.788982992901 1.59648170555 0.97442570845
0.774858552857 1.47780648373 0.975223204837
0.780737442511 1.55645156367 0.988493617261
0.760941586413 1.41668572832 0.992423702846
0.751926353943 1.49029125689 0.999689377905
0.752895694885 1.56562599448 1.01438609654
0.73557677681 1.42336645701 1.01555293735
0.729334972317 1.49797653997 1.02486709834
0.725670731389 1.35672559022 1.03593909081
0.710845150295 1.43056233818 1.0392407733
0.707557078882 1.50630213625 1.05047910684
0.698945272622 1.36342763073 1.05808440439
0.686809401491 1.43847796761 1.06342561831
0.693974478009 1.29661620521 1.07649377538
0.672777603604 1.37089168404 1.08078404587
0.838976179924 1.50069284188 0.932869307298
0.83637995492 1.6438964729 0.93143854079
0.844242798614 1.72819921394 0.906684338035
0.862214100669 1.58946164914 0.909044964122
0.890056317736 1.65807529668 0.878974192667
0.891949798073 1.51656084733 0.858050468068
0.91279436883 1.58417495518 0.856554392908
0.926743247783 1.4429959295 0.828327981161
0.940881940197 1.51016460817 0.809830973014
0.963805497821 1.36949804429 0.804422375823
0.973869503642 1.43619723017 0.778186879858
0.990386066077 1.50567461242 0.762437104466
1.01516666719 1.36228663678 0.752609568672
1.02171711749 1.43143246771 0.728654360969
1.04185109283 1.26031639109 0.710236810852
1.06559557917 1.32840386179 0.702529329823
1.0737023573 1.18668395514 0.67705606145
1.08444736488 1.33392655425 0.676760204254
1.0901221894 1.88634445116 0.6799880458
1.05670828169 1.75593930221 0.714656670084
1.03105027728 1.82015594228 0.718949723952
1.02152665072 1.67963890525 0.746439914091
0.989688672703 2.07959904804 0.784534001527
0.966119598759 2.17336726625 0.784718379062
0.952985008795 2.26719969146 0.814799121241
0.922968141932 2.36109732978 0.854365765222
0.921583047767 2.45505444701 0.851316311987
0.884756068312 2.3157053766 0.883499251265
0.856854212107 2.40931333527 0.893321152528
0.852148909834 2.33129907005 0.918500051795
0.81691602996 2.17280368007 0.952465147704
0.82581088301 2.01444512308 0.958725794505
1.03026510425 1.82464563537 0.987598666221
1.28731679594 1.66673011441 1.02028758244
1.79506393604 1.47764167667 1.03297955925
2.29854404722 1.32054032967 1.05680776849
100 1.16405388384 1.08837787454
100 1.09405630839 1.0904423944
1.68949821128 1.07147751835 1.23086114897
1.31003673201 1.10154652823 1.34808353145
1.31013220327 1.07950184496 1.19811404019
1.31221322243 1.05151005674 1.19178021578
1.31079554518 1.12809298406 1.06685833461
1.39644225197 1.41839169524 0.985144273272
1.38782212453 1.54629941962 0.985057835884
1.37968105124 1.4181179329 0.926493347106
1.20598676426 1.28037543569 0.877506480647
1.19575830497 1.32798004969 0.865889937704
1.26538706419 1.24526817553 0.734645411828
1.27019185306 1.61401637196 0.733833768208
1.27323712231 1.51095202305 0.732585384523
1.27607191206 1.59758595855 0.730329378415
1.27655169267 1.45763649419 0.723704484514
1.28361159671 1.53602228202 0.728615069628
1.28302501072 1.39596745601 0.720009098703
1.28523226787 1.47313149197 0.716321746321
1.29314172748 1.55175239273 0.722872437825
1.29052861557 1.41072330431 0.710511900219
1.29428232384 1.48846555755 0.709622276003
1.30160326545 1.53894703583 0.715974203196
1.2995713883 1.39776939541 0.702251801607
1.30262973419 1.47560302188 0.700107137805
1.30899776997 1.55483219349 0.704141265814
1.30729141031 1.41277882597 0.693097808626
1.31186904021 1.49118078079 0.693835787422
1.31554965038 1.35054699573 0.692901568979
1.31538498862 1.42801629405 0.684626431258
1.32146068101 1.50696309243 0.688308066158
1.32248569067 1.3654063114 0.682284431098
1.32417073345 1.41513886237 0.675879094753
1.32955051903 1.49418238975 0.678323656129
1.33177054658 1.35247025203 0.674585182873
1.33246631423 1.43063483641 0.667797004478
1.33931850053 1.51020202793 100
1.33892562099 1.3676053892 0.664286188316
1.34112140552 1.44634569487 0.660450547884
1.34887753432 1.30516911166 0.667901852714
1.34645187322 1.38297325247 0.654667021905
1.35012909334 1.46226451148 0.653864520951
0.783960294057 1.70549600236 1.8743044983
0.773999236427 1.74532025059 1.73246914409
0.767639191755 1.73968437837 1.71617101177
100 1.60001645059 1.58214342186
0.698617663633 1.58611750175 1.45055311173
0.83926409415 1.43989092295 1.43468040348
0.84519144179 1.29662287092 1.29887101283
0.97913575366 1.28357418155 1.16587553834
1.1164712137 1.13615195488 1.15473804943
1.25799125764 1.02505945166 1.01878625282
1.13262703751 0.993349049477 1.01358835908
1.13492981912 1.11391469813 0.905977000368
1.06329974643 1.2591003744 0.905578308226
1.06743414227 1.36487525432 0.847597085305
1.10115843264 1.43739149572 0.812642779243
1.10711019073 1.29863532719 0.818023503732
1.13528905852 1.38379972623 0.776391446914
1.14650834903 1.24683834824 0.748509817457
1.17211918893 1.31025310839 0.743856211631
1.20480561895 1.16887718999 0.707637276777
1.2053410932 1.3111137381 0.708655262618
1.19326243101 1.86907428109 0.702078602642
1.18150831254 1.96710404433 0.721157041253
1.16514521054 1.82808678686 0.752799947713
1.14716266478 1.91863983414 0.748191058255
1.13975062217 2.00919343789 0.771513041674
1.11631580854 2.09990162197 0.781361942546
1.10023407647 1.9599496911 0.796686925954
1.08965590359 2.05007748717 0.822263589941
1.06791141954 2.14043319469 0.827779198768
1.05391777186 2.23098937075 0.845787686264
1.0405146248 2.11365079737 0.87576720601
1.04631062207 2.03078531784 0.872427050443
1.26367451678 1.87311084259 0.895967116569
1.27378558287 1.7147503908 0.904344116969
1.78171611786 1.55639146084 0.92105810999
2.29031503276 1.39821916203 0.946621354466
100 1.24034311455 0.951290153485
1.25032547451 1.18715618463 0.985837603788
1.16371268667 1.35047466819 0.897840158543
1.15873905451 1.46371887376 0.858763663055
1.16298065475 1.53937792335 0.863325923634
1.18967744063 1.39979883379 0.826029819119
1.20197717233 1.46482598123 0.798516597618
1.22372935843 1.32329592292 0.798780439659
1.25219639313 1.38767603093 0.763417870758
1.26160638345 1.24631864136 0.738411047329
1.28512967831 100 0.734791136943
1.30297494803 100 0.701272819444
1.32176890501 100 0.679214611277
1.34687999323 100 0.671020448728
1.36181503135 2.46599724034 0.639717747933
1.38237993812 2.30842894518 100
1.40893284022 2.14953518623 0.607533929437
1.42120204121 1.99071637435 0.828910293946
1.44338287741 1.83199200159 0.826350799127
1.47124993144 1.67338894141 1.3297973482
1.48107018222 1.51494529576 1.83433065907
1.50473005837 1.35671691727 2.33924765295
1.52175425409 1.19878904842 100
1.57595726477 1.11621246267 2.15668491702
1.65107587201 1.11722509532 1.51026321856
1.69050536155 1.08598418699 1.32328011102
1.66605521951 1.04413144332 1.7168984922
1.66691950895 1.01969084708 1.93396192443
1.67051105303 0.999099637709 1.7298777045
1.47007098763 0.971646520188 1.73349659336
1.2845690167 1.0061615347 1.54496014541
1.28185253602 0.976207359626 1.38023589059
1.11738243352 0.954093037768 1.3826197154
0.982118864473 1.03551996073 1.25400352786
0.980856952433 1.16013689748 1.25645640686
0.883165680467 1.1309679996 1.25664952911
0.88266364491 1.28059219276 1.25426719459
0.827346321929 1.41067284184 1.24417103211
0.828988177758 1.28219440993 1.23440942452
0.775959055726 1.34223002513 1.24217723505
0.732959057067 1.19815610217 1.28434313033
0.756289363019 100 1.26566687083
0.749669872705 1.74579974212 1.25692261077
0.758778565055 1.84493325161 1.24598657903
0.766980106444 1.93498659784 1.23377314264
0.78627765963 1.79525087565 1.2283654015
0.789235170337 1.88231255224 1.21249438543
0.800629014041 1.96972500137 1.20201329793
0.822147650413 2.05749321317 1.19504681185
0.820944713074 1.916985052 1.17937549295
0.834845847729 2.00408996461 1.1706907633
0.846805987011 2.0915835105 1.16069055255
0.85334343075 1.95183452741 1.17246794679
0.869545964672 1.84995287169 1.39430047141
0.877273732 1.69205393702 1.41004024083
0.886352981722 1.53269428495 2.16605659291
0.904673729168 1.37333530533 100
0.908471134475 1.21397726303 100
0.919907595089 1.05462058295 100
0.951076006324 0.970873221251 100
1.03302217808 0.948355989419 1.88951869515
1.16228681594 0.992701515191 1.68872428955
1.16084977004 1.07234896345 1.68967515559
1.02405931322 1.04380545069 1.68841996229
0.931802129685 1.18236945805 2.10864115523
0.901279914241 1.76121580827 100
0.928519201893 1.81249897413 100
0.935790059841 1.83569234581 100
0.962579782636 1.69717142813 100
0.998047944947 1.75791879749 100
1.00439099577 1.6178325841 100
1.03510155848 1.64986877088 100
1.0693562033 1.71269623258 1.1977303551
1.07751529754 1.57003613235 0.922899551863
1.10595996461 1.63287756594 0.910217319307
1.14163845492 1.49020248958 0.878057067956
1.14696259193 1.55306127909 0.87776236351
1.17717225992 1.41037023489 0.838436542293
1.1919102124 1.47324827808 0.808435260511
1.21691483613 1.3305397212 0.804809590587
1.2486777601 1.39343914841 0.7670271401
1.26046813874 1.25071128603 0.739611692977
1.28728970341 1.31363459652 0.732014151741
1.32042883126 1.17088535467 0.696103413761
1.32162864024 1.3142339399 0.695870021918
1.31228644184 1.66887491399 0.688179878106
1.30497514061 1.76823556478 0.711945507911
1.3148126796 1.86022661386 0.716791369045
1.53091499846 1.70381099648 0.733436478921
1.54397965904 1.54517275869 0.76113564154
2.05269446309 1.38660666643 0.761325445018
100 1.22822746419 0.780793398562
100 1.07013628784 0.810437260135
2.37946431786 0.987463569244 0.806149325365
1.71610304437 0.968894123566 0.868332230374
1.67949849642 0.977665010752 0.987585398208
1.86461475922 1.17818013931 1.11147700067
100 1.33874875671 1.0078366928
100 1.64193019014 0.955492600831
100 1.71923800146 0.925940943655
100 1.57933951046 0.906629202154
2.34708479568 1.64540445175 0.893608995341
1.84160819202 1.50341523848 0.867346323899
1.3365590214 1.56881927215 0.866685659442
1.32694917356 1.39906500798 0.833309555669
1.10450637414 1.35726083958 0.809246687211
1.10889854174 1.50558380233 0.787408276042
1.13331057837 1.37936515886 0.77838255737
1.1449831533 1.42188294038 0.751952624561
1.16263034062 1.2805449533 0.760397881263
1.1874253223 1.34745265473 0.72445101111
1.19614065234 1.20610500707 0.699180819149
1.21572739606 1.27249693356 0.703917440864
1.24201666012 1.1316502001 0.669683899037
1.24100402656 1.48576701584 0.662074090747
1.22904416773 1.86401844344 0.666053605946
1.21994421405 1.96906235199 0.691297724829
1.19148716732 2.06492051274 0.73029163197
1.16999526203 1.92533976514 0.726319982631
1.15528950716 2.01850781502 0.756733538608
1.12846142721 2.11171045614 0.767658612321
1.12328235242 2.2049920285 0.789931578207
1.0909008808 2.1550849546 0.822478065717
1.09589329377 1.99642162093 0.829150116333
1.30535117748 1.83787911855 0.854129193332
1.31418445937 1.67949181378 0.888462819412
1.81789772607 1.52130821157 0.891489943482
2.32202084184 1.36339922158 0.918778722265
100 1.20587273129 0.95464120599
100 1.01759595456 0.957675785697
100 0.947442997127 0.986468045514
1.78631560406 0.929734950123 1.06002637772
1.59645741894 0.997057151729 1.23377691468
1.62458828437 1.10345290179 0.962269367317
2.28794704285 1.45062567776 0.89985410851
100 1.5939296876 0.889244474089
100 1.68094548257 0.879407289682
2.1913484017 1.72937219729 0.865773460079
1.67813831252 1.58899943278 0.860915899983
1.41451814426 1.66156513174 0.849847322269
1.19356687228 1.52165512375 0.837729078638
1.17724283092 1.59342405355 0.839560803562
1.23974406526 1.32415649641 0.781212058156
1.23974406526 1.75659605084 0.767405961172
1.24786046197 1.92739154567 0.81577212796
1.19972110414 1.79879971174 0.815849406484
1.15806804292 1.851538934 0.865616362516
1.14231736011 1.71068044981 0.877990797079
1.0950652533 1.76179375403 0.920934960374
1.08922982498 1.61991702424 0.972367917922
1.03621006194 1.67163125499 0.981683888124
0.990521890932 1.52912837807 1.02670311718
0.983838601963 1.55271896068 1.07867532513
0.928958404524 1.41021630498 1.09022023551
0.885593363786 1.48595913066 1.13296964594
0.875600338569 1.34672362444 1.18599241826
0.824716007687 1.40191925665 1.19092593533
0.827367607005 1.25737921245 1.23891823467
0.768847117096 1.11668074582 1.25308152749
0.733053341554 1.44544953547 1.26696580726
0.742782192474 1.5603475007 1.27419820631
0.735235242249 1.64989495819 1.26532408265
0.741941998771 1.73467719092 1.26323993092
0.747898413882 1.59406057643 1.26064581266
0.747792118356 1.64849827518 1.25320452632
0.755286069921 2.43133322123 1.25251711714
0.757267883188 100 1.2477294559
0.758350048252 100 1.24221790863
0.770341875074 2.449907433 1.24338027872
0.767059185158 100 1.23510700137
0.7709277655 2.38698530829 1.23125041259
0.781792750569 2.38623154007 1.23182209843
0.777665242906 2.22696851503 1.22290093636
0.784094274735 2.06772051815 1.22068217384
0.79040292103 1.90849158289 1.2184151912
1.03891651645 1.7492869699 1.21108465774
1.05086521198 1.61558905704 1.21330325245
2.06624154122 1.46153636722 1.20473265737
100 1.27172697626 1.19966190343
100 1.11288405584 1.2008137879
100 1.0413885948 1.19509926371
1.71859459072 1.01430983518 1.22600845012
1.29405123464 1.01615345047 1.41374229095
1.2955074519 0.985534189726 1.41640990559
1.50071446191 0.923289089404 1.3173820953
1.50529652871 0.894659997704 1.41653264995
1.31105824646 0.900418410191 1.16754583527
1.31018573284 0.964791728954 1.0117597449
1.34938151989 1.07396221006 0.893310955959
1.34923482649 1.06888108783 0.892624157219
100 1.4348281444 0.833571798051
100 1.61245983975 0.838647556879
100 1.66477820933 0.864857858658
100 1.52641374687 0.866565418029
1.12156250817 1.59376988902 0.88601484374
1.10530820818 1.66332195118 0.914525364528
0.837915137106 1.52085304124 0.912513805571
0.83413171823 1.58995826552 0.934162820967
0.808574361522 1.4479457203 0.944061458651
0.793078063274 1.51662583262 0.95910002898
0.785108300304 1.37513733593 0.98267856828
0.761719724373 1.44334718178 0.988937856905
0.768056082725 1.30244799679 1.00619281071
0.736460198124 1.37013165393 1.03151020328
0.715542130182 1.44059506903 1.03445799502
0.717943504817 1.2969899676 1.05372399232
0.688266935218 1.36706911352 1.06709666034
0.670181551154 1.22393536218 1.08054050011
0.668082911062 1.29358197932 1.10163682839
0.640631169086 1.15098441927 1.11162667325
0.643103856839 1.30020030927 1.12294592837
0.645331172828 1.86832206944 1.10472453671
0.674982342285 1.93835877987 1.09295354965
0.717627298977 1.79769296527 1.0622533459
0.712888374244 1.86048251602 1.05874578628
0.74675741348 1.71837366355 1.0221109199
0.757296218464 1.78086572927 0.993251235901
0.782897907277 1.63871746484 0.986739220903
0.818791976644 1.70118082406 0.951564993202
0.825175111813 1.55905057673 0.924854861162
0.853457619742 1.62149413616 0.914935241723
0.891024533296 1.47938639857 0.881460029056
0.893903191357 1.54180845394 0.883991207777
0.92443628256 1.39972600057 0.843380374707
0.961277248658 1.43342213142 0.809295085823
0.963841108811 1.31447918901 0.811992556413
0.995733499575 1.38129358727 0.772126483555
1.00701760829 1.2401967215 0.743039861192
1.03322903623 1.3027143398 0.73886563353
1.06701849584 1.13292693359 0.700774861783
1.069193516 1.47997259414 0.685582801306
1.06169218784 1.83061370368 0.691828962996
1.04723452313 1.69804869495 0.705207604358
1.0380616163 1.76147166991 0.729720483588
1.01420235921 1.76740705587 0.738918166151
0.998416784075 1.83472416604 0.753428042537
0.989516408656 1.69489229245 0.778770804767
0.967476794683 1.76171678229 0.783394093663
0.953962066011 1.83078978163 0.800736539104
0.941326753139 1.68877342181 0.828139622097
0.921287077327 1.75748152849 0.828725729494
0.920376699594 1.61591352086 0.848565937013
0.893568196362 1.65574197948 0.874863430398
0.872489881991 1.5153699985 0.877647319122
0.873767521221 1.58262776151 0.896461533627
0.845509157333 1.65234332691 0.924221394025
0.829954399107 1.53221663797 0.921747456325
0.78389313396 1.79671476187 0.966359177397
0.790134107622 1.62544063161 0.966772574878
0.787360874363 1.7175028633 0.963457463113
0.796282049531 1.58000560539 0.97024497426
0.788422942084 1.65980438702 0.96332182581
0.788035390748 1.71200978818 0.962425933906
0.796186076084 1.59448204744 0.968708493395
0.788469533727 1.67849579708 0.961909053323
0.791947306874 1.76005987671 0.964283428751
0.793422945566 1.61946686419 0.965015228145
0.789071698266 1.69935925101 0.960957877839
0.795102143918 1.78025629171 0.965434930964
0.792147668298 1.63906706441 0.962520839223
0.790312373421 1.71917147013 0.960527630248
0.798824097948 1.80027499082 0.967063008382
0.791483558384 1.65868302527 0.960525058206
0.792158260797 1.73902584409 0.960597790893
0.798259846484 1.79170605191 0.965058380606
0.792918555687 1.65034076588 0.960161430634
0.792454018076 1.73054939015 0.95929388049
0.800867622562 1.59063502516 0.965775112903
0.792587332407 1.66998159489 0.958435465111
0.794626280589 2.04850897807 0.959638488467
0.798656815352 2.12893374384 0.962496261244
0.793872146368 1.95986170204 0.957948233845
0.796770916528 2.0618918828 0.959945638016
0.797168595526 1.92644557383 0.959807496987
0.793739792573 2.00639145361 0.956479319819
0.800749927074 2.08657600429 0.961822593739
0.796031560592 1.94620412758 0.95741317069
0.795228795325 2.02552822314 0.956260351329
0.804206313543 2.10576061386 0.963257010477
1.04546017254 1.96494338073 0.955615653552
1.30938488854 1.80843190133 0.956540165616
2.0754580079 1.64913150503 0.959903773532
100 1.48984438976 0.95431926926
100 1.3305753372 0.957322201354
100 1.17133171795 0.957041360382
100 1.09969231405 0.959252909392
2.01911891058 1.06825309996 1.01030191587
1.39972060017 1.09909623134 1.11367519216
1.39956654801 1.16252528702 1.27163560273
1.4353353065 1.26373158936 1.14081317893
1.42761863241 1.33254969744 1.04001359763
1.42441536732 1.22268173597 1.03918248638
1.30202240853 1.25464742094 0.939699780515
