7
10.1199300289
16.9100179672
16.289577961
14.2506110668
20.3112840652
15.4020380974
25.2572889328
16.4742050171
15.8385541439
16.3775689602
12.2176408768
19.4434111118
16.014662981
25.2784399986
16.5281260014
20.3137581348
17.1501460075
12.8814630508
18.3780789375
13.1504039764
27.9869599342
14.0849840641
18.5146739483
17.9745008945
12.3438799381
18.3240420818
13.2725670338
25.1817369461
15.6914579868
20.7050750256
23.6008851528
15.192248106
17.5985021591
11.967291832
24.8365368843
16.6989839077
