7
13.1265158653
20.8185319901
21.3912520409
19.9915699959
29.925880909
19.0128099918
44.5187499523
24.1187868118
21.0484490395
22.1094961166
20.0119271278
29.7828769684
19.4920959473
40.5435249805
24.0790760517
20.4549381733
22.5357458591
18.3089399338
28.5544588566
21.2244930267
42.9337630272
25.1208660603
17.0458981991
23.2414669991
19.7784059048
29.9181118011
20.2363171577
44.2288300991
25.1771969795
24.229416132
21.6122899055
18.1128931046
28.6836400032
20.3249490261
42.5931401253
25.2527241707
